version 2.4
0 1
0 1 3.83171
1 1
1 8 0.47898
2 1
2 15 0.47896
3 1
3 22 0.47898
4 1
4 29 0.47896
5 1
5 36 0.47898
6 1
6 7 7.66352
7 0
8 1
8 9 0.47898
9 1
9 10 0.47898
10 1
10 11 0.47898
11 1
11 12 0.47898
12 1
12 13 0.47898
13 1
13 14 0.47898
14 1
14 2 0.47898
15 1
15 16 0.47896
16 1
16 17 0.47896
17 1
17 18 0.47896
18 1
18 19 0.47896
19 1
19 20 0.47896
20 1
20 21 0.47896
21 1
21 3 0.47896
22 1
22 23 0.47898
23 1
23 24 0.47898
24 1
24 25 0.47898
25 1
25 26 0.47898
26 1
26 27 0.47898
27 1
27 28 0.47898
28 1
28 4 0.47898
29 1
29 30 0.47896
30 1
30 31 0.47896
31 1
31 32 0.47896
32 1
32 33 0.47896
33 1
33 34 0.47896
34 1
34 35 0.47896
35 1
35 5 0.47896
36 1
36 37 0.47898
37 1
37 38 0.47898
38 1
38 39 0.47898
39 1
39 40 0.47898
40 1
40 41 0.47898
41 1
41 42 0.47898
42 1
42 6 0.47898
