version 2.4
0 -59.43440 52.13370 -0.79007 -1.24269 1 0 0
1 -58.19960 48.50640 -0.87055 -1.24268 1 1 -1.8275569571703099e-06
2 -56.96480 44.87900 -0.89119 -1.24269 1 1 1.4916768125837527e-06
3 -55.73000 41.25170 -0.97603 -1.24268 1 1 1.2209263175337754e-05
4 -54.49510 37.62430 -0.99165 -1.24269 1 1 -8.17914062782858e-06
5 -53.26030 33.99700 -1.08388 -1.24268 1 1 -4.241099361794452e-06
6 -52.02550 30.36960 -1.03949 -1.24269 1 1 3.5530566368641556e-07
7 -49.55590 23.11490 -1.06097 -1.26621 0 0 0
8 -58.04525 48.05298 -0.87313 -1.24268 1 1 -0.00010178073192445222
9 -57.89090 47.59955 -0.87571 -1.24268 1 1 -1.6461234157464028e-06
10 -57.73655 47.14613 -0.87829 -1.24268 1 1 -1.9961039249408233e-14
11 -57.58220 46.69270 -0.88087 -1.24269 1 1 1.6461234568713732e-06
12 -57.42785 46.23927 -0.88345 -1.24269 1 1 3.292246188896313e-06
13 -57.27350 45.78585 -0.88603 -1.24269 1 1 4.9383697643922966e-06
14 -57.11915 45.33242 -0.88861 -1.24269 1 1 6.584493218956387e-06
15 -56.81045 44.42559 -0.90180 -1.24269 1 1 1.3977199716044271e-06
16 -56.65610 43.97217 -0.91240 -1.24269 1 1 2.4520479323600714e-06
17 -56.50175 43.51876 -0.92301 -1.24268 1 1 3.223697465901977e-06
18 -56.34741 43.06535 -0.93361 -1.24268 1 1 3.9953484406273076e-06
19 -56.19306 42.61194 -0.94422 -1.24268 1 1 4.766997798464526e-06
20 -56.03870 42.15852 -0.95482 -1.24268 1 1 5.538648600013023e-06
21 -55.88435 41.70511 -0.96543 -1.24268 1 1 6.310298130282167e-06
22 -55.57564 40.79827 -0.97798 -1.24268 1 1 1.0263276220589804e-05
23 -55.42128 40.34485 -0.97994 -1.24268 1 1 3.1894233901733163e-06
24 -55.26691 39.89142 -0.98189 -1.24268 1 1 7.984969503550753e-14
25 -55.11255 39.43800 -0.98384 -1.24268 1 1 -3.189423621916611e-06
26 -54.95819 38.98458 -0.98580 -1.24268 1 1 -6.378846894680532e-06
27 -54.80382 38.53115 -0.98775 -1.24268 1 1 -9.568270595943328e-06
28 -54.64946 38.07773 -0.98970 -1.24269 1 1 -1.2757693927253226e-05
29 -54.34075 37.17089 -1.00318 -1.24269 1 1 -2.202899933843134e-06
30 -54.18640 36.71748 -1.01471 -1.24268 1 1 -3.995347621183798e-06
31 -54.03204 36.26406 -1.02624 -1.24268 1 1 -3.223698089888817e-06
32 -53.87769 35.81065 -1.03777 -1.24268 1 1 -2.452047345955582e-06
33 -53.72335 35.35724 -1.04930 -1.24268 1 1 -1.6803977562310896e-06
34 -53.56900 34.90383 -1.06082 -1.24268 1 1 -9.087473468330829e-07
35 -53.41465 34.45041 -1.07235 -1.24268 1 1 -1.3709728555667813e-07
36 -53.10595 33.54358 -1.07833 -1.24268 1 1 -5.472931654926942e-06
37 -52.95160 33.09015 -1.07278 -1.24268 1 1 -1.8290270678716073e-06
38 -52.79725 32.63673 -1.06723 -1.24268 1 1 -7.316165983893309e-07
39 -52.64290 32.18330 -1.06168 -1.24268 1 1 -3.65794527313461e-07
40 -52.48855 31.72988 -1.05614 -1.24268 1 1 1.4632056617410131e-06
41 -52.33420 31.27645 -1.05059 -1.24268 1 1 2.5606165928136456e-06
42 -52.17985 30.82302 -1.04504 -1.24269 1 1 3.6580273667188107e-06
