version 2.4
43
0
-59.4344 52.1337 -0.790066 -1.242685643276744 0.0 20.0 1 2 0 0 0 0 2 0 0 0 0 0 0 0 0 0
1
1
1 1 0
-1 1
-59.4344 52.1337 -1.2426827396853712 9.999978649147278e-10

1
-58.1996 48.5064 -0.870552 -1.2426843897176043 0.0 20.0 1 2 0 0 0 0 2 0 0 0 0 0 0 0 0 0
1
8
1 1 0
0 8
-58.1996 48.5064 -1.242683367528644 -2.5365112772388276e-06

2
-56.9648 44.879 -0.891193 -1.2426856142267593 0.0 20.0 1 2 0 0 0 0 2 0 0 0 0 0 0 0 0 0
1
15
1 1 0
14 15
-56.9648 44.879 -1.2426876204861101 3.5075602687846676e-06

3
-55.73 41.2517 -0.976031 -1.2426839743906613 0.0 20.0 1 2 0 0 0 0 2 0 0 0 0 0 0 0 0 0
1
22
1 1 0
21 22
-55.73 41.2517 -1.2426739170555168 1.0195201857916366e-05

4
-54.4951 37.6243 -0.991655 -1.2426852018117955 0.0 20.0 1 2 0 0 0 0 2 0 0 0 0 0 0 0 0 0
1
29
1 1 0
28 29
-54.4951 37.6243 -1.2426739170555072 -1.0193201881620103e-05

5
-53.2603 33.997 -1.08388 -1.2426838908489042 0.0 20.0 1 2 0 0 0 0 2 0 0 0 0 0 0 0 0 0
1
36
1 1 0
35 36
-53.2603 33.997 -1.242687467172496 -2.6824874974112307e-06

6
-52.02550000000001 30.369599999999995 -1.03949 -1.2426852061563751 0.0 20.0 1 2 0 0 0 0 2 0 0 0 0 0 0 0 0 0
1
7
1 1 0
42 7
-52.02550000000001 30.369599999999995 -1.2426871560156094 4.796657431332261e-07

7
-49.5559 23.1149 -1.06097 -1.2662147081815405 0.0 20.0 1 2 0 0 0 0 2 0 0 0 0 0 0 0 0 0
0

1 1 0
6 -1
-49.5559 23.1149 -1.2426869447317985 1.000000711668717e-09

8
-58.0452487487355 48.05297542594771 -0.873132125 -1.2426845427812487 0.0 20.0 1 2 0 0 0 0 2 0 0 0 0 0 0 0 0 0
1
9
1 1 0
1 9
-58.0452487487355 48.05297542594771 -1.242689573122135 -5.4181612387052806e-05

9
-57.89089856998342 47.59955048679737 -0.8757122500000001 -1.2426846958448932 0.0 20.0 1 2 0 0 0 0 2 0 0 0 0 0 0 0 0 0
1
10
1 1 0
8 10
-57.89089856998342 47.59955048679737 -1.2426915442565742 -3.2912466331147653e-06

10
-57.736549106239636 47.14612530424836 -0.8782923750000001 -1.2426848489085376 0.0 20.0 1 2 0 0 0 0 2 0 0 0 0 0 0 0 0 0
1
11
1 1 0
9 11
-57.736549106239636 47.14612530424836 -1.2426927269372565 -1.645123329936245e-06

11
-57.5822 46.692699999999995 -0.8808725000000002 -1.242685001972182 0.0 20.0 1 2 0 0 0 0 2 0 0 0 0 0 0 0 0 0
1
12
1 1 0
10 12
-57.5822 46.692699999999995 -1.2426931211641303 1.6471232170152592e-06

12
-57.42785089376034 46.23927469575164 -0.8834526250000002 -1.2426851550358264 0.0 20.0 1 2 0 0 0 0 2 0 0 0 0 0 0 0 0 0
1
13
1 1 0
11 13
-57.42785089376034 46.23927469575164 -1.2426927269372354 1.6471231683687292e-06

13
-57.27350143001656 45.78584951320262 -0.8860327500000003 -1.2426853080994709 0.0 20.0 1 2 0 0 0 0 2 0 0 0 0 0 0 0 0 0
1
14
1 1 0
12 14
-57.27350143001656 45.78584951320262 -1.2426915442566 3.2932464890075505e-06

14
-57.119151251264505 45.3324245740523 -0.8886128750000003 -1.2426854611631153 0.0 20.0 1 2 0 0 0 0 2 0 0 0 0 0 0 0 0 0
1
2
1 1 0
13 2
-57.119151251264505 45.3324245740523 -1.2426895731221468 6.624164362874631e-06

15
-56.81045186377652 44.42558686553918 -0.9017977500000001 -1.242685409247247 0.0 20.0 1 2 0 0 0 0 2 0 0 0 0 0 0 0 0 0
1
16
1 1 0
2 16
-56.81045186377652 44.42558686553918 -1.242686632882946 7.684085661941857e-07

16
-56.656103530199104 43.97217379825241 -0.9124025 -1.2426852042677348 0.0 20.0 1 2 0 0 0 0 2 0 0 0 0 0 0 0 0 0
1
17
1 1 0
15 17
-56.656103530199104 43.97217379825241 -1.2426860128288943 1.6813978336146075e-06

17
-56.5017548316909 43.51876085518992 -0.92300725 -1.2426849992882225 0.0 20.0 1 2 0 0 0 0 2 0 0 0 0 0 0 0 0 0
1
18
1 1 0
16 18
-56.5017548316909 43.51876085518992 -1.2426850231819835 2.453047353105219e-06

18
-56.34740560067516 43.065348093401965 -0.9336119999999999 -1.2426847943087103 0.0 20.0 1 2 0 0 0 0 2 0 0 0 0 0 0 0 0 0
1
19
1 1 0
17 19
-56.34740560067516 43.065348093401965 -1.2426836639421883 3.2246982794512335e-06

19
-56.193055669574996 42.61193556993875 -0.9442167499999998 -1.242684589329198 0.0 20.0 1 2 0 0 0 0 2 0 0 0 0 0 0 0 0 0
1
20
1 1 0
18 20
-56.193055669574996 42.61193556993875 -1.2426819351095066 3.996347660951165e-06

20
-56.038704870813646 42.15852334185053 -0.9548214999999998 -1.2426843843496858 0.0 20.0 1 2 0 0 0 0 2 0 0 0 0 0 0 0 0 0
1
21
1 1 0
19 21
-56.038704870813646 42.15852334185053 -1.2426798366839378 4.767998448409575e-06

21
-55.88435303681425 41.705111466187546 -0.9654262499999997 -1.2426841793701735 0.0 20.0 1 2 0 0 0 0 2 0 0 0 0 0 0 0 0 0
1
3
1 1 0
20 3
-55.88435303681425 41.705111466187546 -1.2426773686654635 4.257598997751757e-06

22
-55.57563992440096 40.798274174667036 -0.977984 -1.242684127818303 0.0 20.0 1 2 0 0 0 0 2 0 0 0 0 0 0 0 0 0
1
23
1 1 0
3 23
-55.57563992440096 40.798274174667036 -1.2426695004174093 1.1511485122577628e-05

23
-55.421277770743956 40.34484905676232 -0.979937 -1.2426842812459447 0.0 20.0 1 2 0 0 0 0 2 0 0 0 0 0 0 0 0 0
1
24
1 1 0
22 24
-55.421277770743956 40.34484905676232 -1.2426656812407706 6.37984689637124e-06

24
-55.26691423171498 39.89142441047646 -0.9818899999999999 -1.2426844346735864 0.0 20.0 1 2 0 0 0 0 2 0 0 0 0 0 0 0 0 0
1
25
1 1 0
23 25
-55.26691423171498 39.89142441047646 -1.2426633897347796 3.1904235646145816e-06

25
-55.11255 39.438 -0.9838429999999999 -1.242684588101228 0.0 20.0 1 2 0 0 0 0 2 0 0 0 0 0 0 0 0 0
1
26
1 1 0
24 26
-55.11255 39.438 -1.2426626258994595 -3.188423480939638e-06

26
-54.958185768285034 38.984575589523544 -0.9857959999999999 -1.2426847415288698 0.0 20.0 1 2 0 0 0 0 2 0 0 0 0 0 0 0 0 0
1
27
1 1 0
25 27
-54.958185768285034 38.984575589523544 -1.2426633897347843 -3.1884235399740017e-06

27
-54.80382222925604 38.53115094323767 -0.9877489999999999 -1.2426848949565115 0.0 20.0 1 2 0 0 0 0 2 0 0 0 0 0 0 0 0 0
1
28
1 1 0
26 28
-54.80382222925604 38.53115094323767 -1.242665681240766 -6.377847080076747e-06

28
-54.649460075599045 38.07772582533296 -0.9897019999999999 -1.2426850483841532 0.0 20.0 1 2 0 0 0 0 2 0 0 0 0 0 0 0 0 0
1
4
1 1 0
27 4
-54.649460075599045 38.07772582533296 -1.2426695004174069 -1.150948507392167e-05

29
-54.34074696318575 37.17088853381246 -1.003183125 -1.242685037941434 0.0 20.0 1 2 0 0 0 0 2 0 0 0 0 0 0 0 0 0
1
30
1 1 0
4 30
-54.34074696318575 37.17088853381246 -1.2426773686654775 -4.255599212977239e-06

30
-54.186395129186366 36.717476658149465 -1.01471125 -1.2426848740710725 0.0 20.0 1 2 0 0 0 0 2 0 0 0 0 0 0 0 0 0
1
31
1 1 0
29 31
-54.186395129186366 36.717476658149465 -1.2426798366839331 -4.765997763117594e-06

31
-54.032044330424995 36.26406443006125 -1.0262393749999998 -1.242684710200711 0.0 20.0 1 2 0 0 0 0 2 0 0 0 0 0 0 0 0 0
1
32
1 1 0
30 32
-54.032044330424995 36.26406443006125 -1.2426819351095066 -3.994348246741531e-06

32
-53.87769439932485 35.81065190659803 -1.0377674999999997 -1.2426845463303495 0.0 20.0 1 2 0 0 0 0 2 0 0 0 0 0 0 0 0 0
1
33
1 1 0
31 33
-53.87769439932485 35.81065190659803 -1.242683663942186 -3.222697498085054e-06

33
-53.72334516830908 35.357239144810066 -1.0492956249999996 -1.242684382459988 0.0 20.0 1 2 0 0 0 0 2 0 0 0 0 0 0 0 0 0
1
34
1 1 0
32 34
-53.72334516830908 35.357239144810066 -1.2426850231819742 -2.4510478004051876e-06

34
-53.5689964698009 34.90382620174759 -1.0608237499999995 -1.2426842185896265 0.0 20.0 1 2 0 0 0 0 2 0 0 0 0 0 0 0 0 0
1
35
1 1 0
33 35
-53.5689964698009 34.90382620174759 -1.2426860128289106 -1.679397562238571e-06

35
-53.414648136223484 34.45041313446082 -1.0723518749999994 -1.242684054719265 0.0 20.0 1 2 0 0 0 0 2 0 0 0 0 0 0 0 0 0
1
5
1 1 0
34 5
-53.414648136223484 34.45041313446082 -1.2426866328829416 -4.463106323420405e-07

36
-53.10594860970502 33.543575473275766 -1.07833125 -1.242684055262338 0.0 20.0 1 2 0 0 0 0 2 0 0 0 0 0 0 0 0 0
1
37
1 1 0
5 37
-53.10594860970502 33.543575473275766 -1.2426890474819698 -5.296096113955804e-06

37
-52.951598093307496 33.090150649065 -1.0727825 -1.242684219675772 0.0 20.0 1 2 0 0 0 0 2 0 0 0 0 0 0 0 0 0
1
38
1 1 0
36 38
-52.951598093307496 33.090150649065 -1.2426907119929658 -2.9254380809945353e-06

38
-52.79724821247225 32.636725608500164 -1.06723375 -1.242684384089206 0.0 20.0 1 2 0 0 0 0 2 0 0 0 0 0 0 0 0 0
1
39
1 1 0
37 39
-52.79724821247225 32.636725608500164 -1.2426918508702685 -1.8280275110630756e-06

39
-52.64289872886415 32.18330043271368 -1.061685 -1.2426845485026399 0.0 20.0 1 2 0 0 0 0 2 0 0 0 0 0 0 0 0 0
1
40
1 1 0
38 40
-52.64289872886415 32.18330043271368 -1.242692464113919 -1.096411039609849e-06

40
-52.48854940414804 31.729875202837984 -1.05613625 -1.2426847129160739 0.0 20.0 1 2 0 0 0 0 2 0 0 0 0 0 0 0 0 0
1
41
1 1 0
39 41
-52.48854940414804 31.729875202837984 -1.2426925517238614 1.098410988453878e-06

41
-52.33419999998874 31.276450000005507 -1.0505875 -1.2426848773295078 0.0 20.0 1 2 0 0 0 0 2 0 0 0 0 0 0 0 0 0
1
42
1 1 0
40 42
-52.33419999998874 31.276450000005507 -1.2426921137000992 1.4642056798363447e-06

42
-52.179850278051106 30.823024905348696 -1.04503875 -1.2426850417429418 0.0 20.0 1 2 0 0 0 0 2 0 0 0 0 0 0 0 0 0
1
6
1 1 0
41 6
-52.179850278051106 30.823024905348696 -1.2426911500426823 6.886144860470532e-05

POLYGON_GROUPS_BEGIN
0 
POLYGON_GROUPS_END
