version 2.4
0 0
1 1
1 0 1.00000
2 1
2 1001 0.50000
3 1
3 1002 0.50000
4 1
4 1003 0.50000
5 1
5 1004 0.50000
6 1
6 1005 0.50001
7 1
7 1006 0.50001
8 1
8 1007 0.50001
9 1
9 1008 0.50001
10 1
10 1009 0.50001
11 1
11 1010 0.50001
12 1
12 1011 0.50001
13 1
13 1012 0.50001
14 1
14 1013 0.50001
15 1
15 1014 0.50001
16 1
16 1015 0.50001
17 1
17 1016 0.50001
18 1
18 1017 0.50001
19 1
19 1018 0.50001
20 1
20 1019 0.50001
21 1
21 1020 0.50000
22 1
22 1021 0.50000
23 1
23 1022 0.50000
24 1
24 1023 0.50000
25 1
25 1024 0.50000
26 1
26 1025 0.50000
27 1
27 1026 0.50002
28 1
28 1027 0.50005
29 1
29 1028 0.50007
30 1
30 1029 0.50009
31 1
31 1030 0.50010
32 1
32 31 0.42588
33 1
33 32 0.48573
34 1
34 33 0.48580
35 1
35 34 0.48588
36 1
36 35 0.48594
37 1
37 36 0.48600
38 1
38 37 0.48605
39 1
39 38 0.48609
40 1
40 39 0.48613
41 1
41 40 0.48615
42 1
42 41 0.48617
43 1
43 42 0.48618
44 1
44 43 0.48618
45 1
45 44 0.48618
46 1
46 45 0.48617
47 1
47 46 0.48616
48 1
48 47 0.48614
49 1
49 48 0.48612
50 1
50 49 0.48610
51 1
51 50 0.48608
52 1
52 51 0.48605
53 1
53 52 0.48603
54 1
54 53 0.48601
55 1
55 54 0.48599
56 1
56 55 0.48598
57 1
57 56 0.03332
58 1
58 57 0.38384
59 1
59 58 0.38387
60 1
60 59 0.38398
61 1
61 60 0.38417
62 1
62 61 0.38441
63 1
63 62 0.38468
64 1
64 63 0.38496
65 1
65 64 0.38523
66 1
66 65 0.38549
67 1
67 66 0.38573
68 1
68 67 0.38592
69 1
69 68 0.38607
70 1
70 69 0.38615
71 1
71 70 0.38617
72 1
72 71 0.38609
73 1
73 72 0.38593
74 1
74 73 0.38566
75 1
75 74 0.38527
76 1
76 77 1.00003
77 1
77 1031 0.50011
78 1
78 1032 0.50020
79 1
79 1033 0.50025
80 1
80 1034 0.50022
81 1
81 1035 0.50013
82 1
82 1036 0.50005
83 1
83 1037 0.50002
84 1
84 1038 0.50001
85 1
85 1039 0.50000
86 1
86 1040 0.50000
87 1
87 1041 0.50001
88 1
88 1042 0.50002
89 1
89 1043 0.50003
90 1
90 1044 0.50005
91 1
91 1045 0.50006
92 1
92 1046 0.50007
93 1
93 1047 0.50008
94 1
94 1048 0.50009
95 1
95 1049 0.50009
96 1
96 1050 0.50008
97 1
97 1051 0.50002
98 1
98 1052 0.50000
99 1
99 1053 0.50003
100 1
100 1054 0.50009
101 1
101 1055 0.50017
102 1
102 1056 0.50024
103 1
103 1057 0.50031
104 1
104 1058 0.50036
105 1
105 1059 0.50039
106 1
106 1060 0.50039
107 1
107 108 0.42612
108 1
108 109 0.51545
109 1
109 110 0.51559
110 1
110 111 0.51572
111 1
111 112 0.51585
112 1
112 113 0.51596
113 1
113 114 0.51606
114 1
114 115 0.51615
115 1
115 116 0.51622
116 1
116 117 0.51629
117 1
117 118 0.51634
118 1
118 119 0.51638
119 1
119 120 0.51640
120 1
120 121 0.51642
121 1
121 122 0.51643
122 1
122 123 0.51657
123 1
123 124 0.51710
124 1
124 125 0.51785
125 1
125 126 0.51863
126 1
126 127 0.51930
127 1
127 128 0.51977
128 1
128 129 0.52000
129 1
129 130 0.51999
130 1
130 131 0.51980
131 1
131 132 0.51952
132 1
132 133 0.03561
133 1
133 134 0.65919
134 1
134 135 0.65909
135 1
135 136 0.65822
136 1
136 137 0.65652
137 1
137 138 0.65402
138 1
138 139 0.65079
139 1
139 140 0.64686
140 1
140 141 0.64234
141 1
141 142 0.63731
142 1
142 143 0.63190
143 1
143 144 0.62625
144 1
144 145 0.62051
145 1
145 146 0.61487
146 1
146 147 0.60953
147 1
147 148 0.60474
148 1
148 149 0.60074
149 1
149 150 0.59787
150 1
150 151 0.59633
151 2
151 721 0.59586
151 652 0.59586
152 2
152 720 0.10265
152 817 0.13033
153 1
153 152 0.50277
154 1
154 153 0.50275
155 1
155 154 0.50273
156 1
156 155 0.50271
157 1
157 156 0.50269
158 1
158 157 0.50268
159 1
159 158 0.50267
160 1
160 159 0.50266
161 1
161 160 0.50265
162 1
162 161 0.50264
163 1
163 162 0.50264
164 1
164 163 0.50263
165 1
165 164 0.50263
166 1
166 165 0.50262
167 1
167 166 0.50262
168 1
168 167 0.50262
169 1
169 168 0.50262
170 1
170 169 0.50262
171 1
171 170 0.50262
172 1
172 171 0.50262
173 1
173 172 0.50261
174 1
174 173 0.50261
175 1
175 174 0.50261
176 1
176 175 0.50261
177 1
177 176 0.50261
178 1
178 177 0.50261
179 1
179 178 0.50261
180 1
180 179 0.50261
181 1
181 180 0.50261
182 1
182 181 0.50260
183 1
183 182 0.50260
184 1
184 183 0.50260
185 1
185 184 0.50260
186 1
186 185 0.50260
187 1
187 186 0.50260
188 1
188 187 0.50260
189 1
189 188 0.50259
190 1
190 189 0.50257
191 1
191 190 0.50256
192 1
192 191 0.50255
193 1
193 192 0.50255
194 1
194 193 0.50255
195 1
195 194 0.50256
196 1
196 195 0.50257
197 1
197 196 0.50258
198 1
198 197 0.50260
199 1
199 198 0.50261
200 1
200 199 0.50263
201 1
201 200 0.50265
202 1
202 201 0.50267
203 1
203 202 0.50269
204 1
204 203 0.50271
205 1
205 204 0.50272
206 1
206 205 0.50274
207 1
207 206 0.50275
208 1
208 207 0.50277
209 1
209 208 0.21305
210 1
210 1061 0.50009
211 1
211 1062 0.50008
212 1
212 1063 0.50006
213 1
213 1064 0.50005
214 1
214 1107 0.50003
215 1
215 216 0.49856
216 1
216 217 0.49851
217 1
217 218 0.49845
218 1
218 219 0.49839
219 1
219 220 0.49832
220 1
220 221 0.49824
221 1
221 222 0.49817
222 1
222 223 0.49809
223 1
223 224 0.49802
224 1
224 225 0.49795
225 1
225 226 0.49789
226 1
226 227 0.49785
227 1
227 228 0.49781
228 1
228 229 0.49780
229 1
229 230 0.49780
230 1
230 231 0.49781
231 1
231 232 0.49782
232 1
232 233 0.49783
233 1
233 234 0.49784
234 1
234 235 0.49784
235 1
235 236 0.49784
236 1
236 237 0.49784
237 1
237 238 0.49783
238 1
238 239 0.49781
239 1
239 240 0.49779
240 1
240 241 0.49777
241 1
241 242 0.49774
242 1
242 243 0.49771
243 1
243 244 0.49768
244 1
244 245 0.49765
245 1
245 246 0.49763
246 1
246 247 0.49761
247 1
247 248 0.49761
248 1
248 249 0.49761
249 1
249 250 0.49764
250 1
250 251 0.49767
251 1
251 252 0.49768
252 1
252 253 0.49769
253 1
253 254 0.49769
254 1
254 255 0.49770
255 1
255 256 0.49771
256 1
256 257 0.49771
257 1
257 258 0.49771
258 1
258 259 0.49772
259 1
259 260 0.49772
260 1
260 261 0.49772
261 1
261 262 0.49772
262 1
262 263 0.49772
263 1
263 264 0.49772
264 1
264 265 0.49772
265 1
265 266 0.49772
266 1
266 267 0.49772
267 1
267 268 0.49772
268 1
268 269 0.49772
269 1
269 270 0.49773
270 1
270 271 0.49773
271 1
271 272 0.21092
272 1
272 1065 0.50009
273 1
273 1066 0.50005
274 1
274 1067 0.50046
275 1
275 1068 0.50059
276 1
276 1069 0.50020
277 1
277 1070 0.43783
278 1
278 507 0.56932
279 1
279 278 0.01777
280 1
280 279 0.50894
281 1
281 280 0.50894
282 1
282 281 0.50893
283 1
283 282 0.50892
284 1
284 283 0.50891
285 1
285 284 0.50889
286 1
286 285 0.50887
287 1
287 286 0.50885
288 1
288 287 0.50881
289 1
289 288 0.50877
290 1
290 289 0.50873
291 1
291 290 0.50868
292 1
292 291 0.50862
293 1
293 292 0.50856
294 1
294 293 0.50850
295 1
295 294 0.50842
296 1
296 295 0.50834
297 1
297 296 0.50826
298 1
298 297 0.50817
299 1
299 298 0.50808
300 1
300 299 0.50799
301 1
301 300 0.50789
302 1
302 301 0.50779
303 1
303 302 0.50769
304 1
304 303 0.50759
305 1
305 304 0.39312
306 1
306 305 0.49800
307 1
307 306 0.49799
308 1
308 307 0.49798
309 1
309 308 0.49797
310 1
310 309 0.49796
311 1
311 310 0.49795
312 1
312 311 0.49794
313 1
313 312 0.49792
314 1
314 313 0.49791
315 1
315 314 0.49791
316 1
316 315 0.49790
317 1
317 316 0.49790
318 1
318 317 0.49791
319 1
319 318 0.49792
320 1
320 319 0.49794
321 1
321 320 0.49797
322 1
322 321 0.49801
323 1
323 322 0.49797
324 1
324 323 0.49792
325 1
325 324 0.49788
326 1
326 325 0.49785
327 1
327 326 0.49782
328 1
328 327 0.49780
329 1
329 328 0.49778
330 1
330 329 0.49777
331 1
331 330 0.40043
332 1
332 1071 0.50000
333 1
333 1072 0.50000
334 1
334 1073 0.50001
335 1
335 1074 0.50001
336 1
336 1075 0.50002
337 1
337 1076 0.50002
338 1
338 1077 0.50002
339 1
339 1078 0.50002
340 1
340 1079 0.50002
341 2
341 1180 0.50001
341 1166 0.50001
342 1
342 343 0.01777
343 1
343 344 0.49364
344 1
344 345 0.49364
345 1
345 346 0.49363
346 1
346 347 0.49362
347 1
347 348 0.49361
348 1
348 349 0.49359
349 1
349 350 0.49357
350 1
350 351 0.49355
351 1
351 352 0.49352
352 1
352 353 0.49349
353 1
353 354 0.49346
354 1
354 355 0.49342
355 1
355 356 0.49339
356 1
356 357 0.49335
357 1
357 358 0.49330
358 1
358 359 0.49326
359 1
359 360 0.49322
360 1
360 361 0.49317
361 1
361 362 0.49313
362 1
362 363 0.49308
363 1
363 364 0.49304
364 1
364 365 0.49300
365 1
365 366 0.49297
366 1
366 367 0.49293
367 1
367 368 0.49291
368 1
368 369 0.38180
369 1
369 370 0.50223
370 1
370 371 0.50222
371 1
371 372 0.50223
372 1
372 373 0.50223
373 1
373 374 0.50223
374 1
374 375 0.50223
375 1
375 376 0.50224
376 1
376 377 0.50226
377 1
377 378 0.50227
378 1
378 379 0.50230
379 1
379 380 0.50233
380 1
380 381 0.50236
381 1
381 382 0.50241
382 1
382 383 0.50246
383 1
383 384 0.50252
384 1
384 385 0.50204
385 1
385 386 0.50208
386 1
386 387 0.50208
387 1
387 388 0.50208
388 1
388 389 0.50208
389 1
389 390 0.50208
390 1
390 391 0.50208
391 1
391 392 0.50208
392 1
392 393 0.50208
393 1
393 394 0.50208
394 1
394 395 0.40390
395 1
395 1080 0.50000
396 1
396 1081 0.50000
397 1
397 1082 0.50001
398 1
398 1083 0.50001
399 1
399 1084 0.50001
400 1
400 1085 0.50001
401 1
401 1086 0.50001
402 1
402 1087 0.50001
403 1
403 1088 0.50001
404 2
404 1089 0.50001
404 1090 0.50001
405 2
405 928 0.42519
405 874 0.42519
406 2
406 979 0.23048
406 873 0.50008
407 1
407 406 0.50174
408 1
408 407 0.50175
409 1
409 408 0.50175
410 1
410 409 0.50176
411 1
411 410 0.50177
412 1
412 411 0.50177
413 1
413 412 0.02671
414 1
414 1093 0.50008
415 1
415 1094 0.50007
416 1
416 1095 0.50006
417 1
417 1096 0.50004
418 1
418 1097 0.50003
419 1
419 1098 0.50002
420 1
420 1099 0.50001
421 1
421 420 1.00001
422 1
422 423 0.50182
423 1
423 424 0.50319
424 1
424 425 0.50346
425 1
425 426 0.50244
426 1
426 427 0.50159
427 1
427 428 0.50091
428 1
428 429 0.02664
429 1
429 1100 0.50136
430 1
430 1101 0.50063
431 1
431 1102 0.50024
432 1
432 1103 0.50006
433 1
433 1104 0.50000
434 1
434 1105 0.50000
435 1
435 1106 0.50001
436 1
436 437 1.00001
437 0
438 1
438 1108 0.43763
439 1
439 438 0.60265
440 1
440 439 0.60609
441 1
441 440 0.61186
442 1
442 441 0.61893
443 1
443 442 0.62644
444 1
444 443 0.63372
445 1
445 444 0.64029
446 1
446 445 0.64580
447 1
447 446 0.65006
448 1
448 447 0.65303
449 1
449 448 0.65478
450 1
450 449 0.65554
451 1
451 450 0.65565
452 1
452 451 0.65563
453 1
453 452 0.65706
454 1
454 453 0.66327
455 1
455 454 0.66812
456 1
456 455 0.66786
457 1
457 456 0.66064
458 1
458 457 0.64625
459 1
459 458 0.62623
460 1
460 459 0.60812
461 1
461 460 0.59575
462 1
462 461 0.58527
463 1
463 462 0.57651
464 1
464 463 0.56932
465 1
465 464 0.56354
466 1
466 465 0.55900
467 1
467 466 0.55556
468 1
468 467 0.55304
469 1
469 468 0.25870
470 1
470 1109 0.50016
471 1
471 1110 0.50002
472 1
472 1111 0.50003
473 1
473 1112 0.50003
474 1
474 1113 0.49999
475 1
475 1114 0.50014
476 1
476 1115 0.50022
477 1
477 1116 0.50007
478 1
478 1117 0.50001
479 1
479 1118 0.50002
480 1
480 1119 0.50009
481 1
481 1120 0.50021
482 1
482 1121 0.50038
483 1
483 1122 0.50058
484 1
484 1123 0.50080
485 1
485 484 0.30113
486 1
486 485 0.57579
487 1
487 486 0.57802
488 1
488 487 0.58036
489 1
489 488 0.58281
490 1
490 489 0.58659
491 1
491 490 0.59818
492 1
492 491 0.61475
493 1
493 492 0.63206
494 1
494 493 0.64737
495 1
495 494 0.65910
496 1
496 495 0.66655
497 1
497 496 0.66983
498 1
498 497 0.66983
499 1
499 498 0.66825
500 1
500 499 0.66775
501 1
501 500 0.66818
502 1
502 501 0.66739
503 1
503 502 0.66404
504 1
504 503 0.65761
505 1
505 504 0.64840
506 1
506 505 0.63757
507 1
507 506 0.62724
508 1
508 509 0.41963
509 1
509 510 0.41937
510 1
510 511 0.41929
511 1
511 512 0.41939
512 1
512 513 0.41967
513 1
513 514 0.42013
514 1
514 515 0.42078
515 1
515 516 0.42162
516 1
516 517 0.42265
517 1
517 518 0.42386
518 1
518 519 0.42527
519 1
519 520 0.42686
520 1
520 521 0.42864
521 1
521 522 0.43062
522 1
522 523 0.43279
523 1
523 524 0.43515
524 1
524 525 0.43771
525 1
525 526 0.44046
526 1
526 527 0.44340
527 1
527 528 0.44654
528 1
528 529 0.44988
529 1
529 530 0.45121
530 1
530 531 0.45302
531 1
531 532 0.45468
532 1
532 533 0.45616
533 1
533 534 0.45748
534 1
534 535 0.45864
535 1
535 536 0.45963
536 1
536 537 0.46046
537 1
537 538 0.46113
538 1
538 539 0.21644
539 1
539 1124 0.50004
540 1
540 1125 0.50000
541 1
541 1126 0.50006
542 1
542 1127 0.50023
543 1
543 1128 0.50045
544 1
544 1129 0.50068
545 1
545 1130 0.50086
546 1
546 1131 0.50098
547 1
547 1132 0.50101
548 1
548 1133 0.50095
549 1
549 1134 0.50081
550 1
550 1135 0.50061
551 1
551 1136 0.50038
552 1
552 1137 0.50023
553 1
553 1138 0.50018
554 1
554 555 0.30065
555 1
555 556 0.41291
556 1
556 557 0.41217
557 1
557 558 0.41150
558 1
558 559 0.41089
559 1
559 560 0.41034
560 1
560 561 0.40987
561 1
561 562 0.40947
562 1
562 563 0.40914
563 1
563 564 0.40889
564 1
564 565 0.40872
565 1
565 566 0.40863
566 1
566 567 0.40863
567 1
567 568 0.40871
568 1
568 569 0.40888
569 1
569 570 0.40914
570 1
570 571 0.40950
571 1
571 572 0.40995
572 1
572 573 0.41050
573 1
573 574 0.41115
574 1
574 575 0.41191
575 1
575 576 0.41277
576 1
576 577 0.41373
577 1
577 342 0.38046
578 2
578 1000 0.35492
578 927 0.05726
579 1
579 578 0.53956
580 1
580 579 0.53899
581 1
581 580 0.53814
582 1
582 581 0.53735
583 1
583 582 0.53662
584 1
584 583 0.53594
585 1
585 584 0.00531
586 1
586 1139 0.47013
587 1
587 586 0.50271
588 1
588 587 0.50265
589 1
589 588 0.50261
590 1
590 589 0.50257
591 1
591 590 0.50255
592 1
592 591 0.50253
593 1
593 592 0.50251
594 1
594 593 0.50240
595 1
595 594 0.50229
596 1
596 595 0.50220
597 1
597 596 0.50211
598 1
598 597 0.50204
599 1
599 598 0.50198
600 1
600 599 0.50192
601 1
601 600 0.50188
602 1
602 601 0.50184
603 1
603 602 0.48620
604 1
604 1140 0.50003
605 1
605 1141 0.50001
606 1
606 1142 0.46113
607 1
607 606 0.49694
608 1
608 607 0.49695
609 1
609 608 0.49695
610 1
610 609 0.49695
611 1
611 610 0.49695
612 1
612 611 0.49694
613 1
613 612 0.42267
614 2
614 1160 0.50000
614 1164 0.50000
615 1
615 616 0.46803
616 1
616 617 0.46945
617 1
617 618 0.47080
618 1
618 619 0.47204
619 1
619 620 0.47314
620 1
620 621 0.47407
621 1
621 622 0.00470
622 1
622 1143 0.47147
623 1
623 624 0.49976
624 1
624 625 0.49934
625 1
625 626 0.49895
626 1
626 627 0.49864
627 1
627 628 0.49848
628 1
628 629 0.49855
629 1
629 630 0.49864
630 1
630 631 0.49862
631 1
631 632 0.49860
632 1
632 633 0.49858
633 1
633 634 0.49854
634 1
634 635 0.49851
635 1
635 636 0.49847
636 1
636 637 0.49843
637 1
637 638 0.49839
638 1
638 639 0.49835
639 1
639 640 0.48282
640 1
640 1144 0.50001
641 1
641 1145 0.50002
642 1
642 1146 0.46121
643 1
643 644 0.50319
644 1
644 645 0.50327
645 1
645 646 0.50324
646 1
646 647 0.50314
647 1
647 648 0.50305
648 1
648 649 0.50298
649 1
649 650 0.42775
650 2
650 1147 0.50016
650 1148 0.50016
651 2
651 1150 0.45669
651 1149 0.45669
652 1
652 653 0.53814
653 1
653 1152 0.50043
654 1
654 1153 0.50083
655 1
655 656 0.03045
656 1
656 657 0.19951
657 1
657 658 0.57767
658 1
658 659 0.57764
659 1
659 660 0.57760
660 1
660 661 0.57753
661 1
661 662 0.57745
662 1
662 663 0.57735
663 1
663 664 0.57725
664 1
664 665 0.57713
665 1
665 666 0.57700
666 1
666 667 0.57687
667 1
667 668 0.57672
668 1
668 669 0.57658
669 1
669 670 0.57643
670 1
670 671 0.23138
671 1
671 672 0.58725
672 1
672 673 0.58708
673 1
673 674 0.58691
674 1
674 675 0.58674
675 1
675 676 0.58658
676 1
676 677 0.58643
677 1
677 678 0.58629
678 1
678 679 0.58617
679 1
679 680 0.58605
680 1
680 681 0.58596
681 1
681 682 0.58588
682 1
682 683 0.58582
683 1
683 684 0.58578
684 1
684 685 0.13510
685 1
685 215 0.19951
686 1
686 75 0.38530
687 1
687 686 0.10223
688 1
688 687 0.43977
689 1
689 688 0.43969
690 1
690 689 0.43955
691 1
691 690 0.43935
692 1
692 691 0.43910
693 1
693 692 0.43879
694 1
694 693 0.43843
695 1
695 694 0.43803
696 1
696 695 0.43759
697 1
697 696 0.43711
698 1
698 697 0.43659
699 1
699 698 0.43605
700 1
700 699 0.43549
701 1
701 700 0.43490
702 1
702 701 0.43430
703 1
703 702 0.43369
704 1
704 703 0.08339
705 1
705 704 0.38375
706 1
706 705 0.38268
707 1
707 706 0.38162
708 1
708 707 0.38059
709 1
709 708 0.37958
710 1
710 709 0.37861
711 1
711 710 0.37768
712 1
712 711 0.37681
713 1
713 712 0.37601
714 1
714 713 0.37528
715 1
715 714 0.37463
716 1
716 715 0.37408
717 1
717 716 0.37363
718 1
718 717 0.37330
719 1
719 718 0.37309
720 1
720 719 0.11802
721 1
721 722 0.53814
722 1
722 1154 0.50043
723 1
723 1155 0.50083
724 1
724 725 0.03045
725 1
725 1156 0.49982
726 1
726 727 0.46857
727 1
727 728 0.46985
728 1
728 729 0.46999
729 1
729 730 0.47016
730 1
730 731 0.47035
731 1
731 732 0.47056
732 1
732 733 0.47079
733 1
733 734 0.47104
734 1
734 735 0.47130
735 1
735 736 0.47157
736 1
736 737 0.47184
737 1
737 738 0.47212
738 1
738 739 0.47240
739 1
739 740 0.10138
740 1
740 741 0.51681
741 1
741 742 0.51664
742 1
742 743 0.51647
743 1
743 744 0.51630
744 1
744 745 0.51613
745 1
745 746 0.51597
746 1
746 747 0.51581
747 1
747 748 0.51566
748 1
748 749 0.51552
749 1
749 750 0.51540
750 1
750 751 0.51529
751 1
751 752 0.51519
752 1
752 753 0.13229
753 1
753 1157 0.50001
754 1
754 1158 0.46054
755 1
755 1151 0.50000
756 1
756 757 0.46866
757 1
757 758 0.48721
758 1
758 759 0.48712
759 1
759 760 0.48700
760 1
760 761 0.48685
761 1
761 762 0.48667
762 1
762 763 0.48645
763 1
763 764 0.48620
764 1
764 765 0.48591
765 1
765 766 0.48559
766 1
766 767 0.48525
767 1
767 768 0.48487
768 1
768 769 0.48446
769 1
769 770 0.12435
770 1
770 771 0.52960
771 1
771 772 0.53029
772 1
772 773 0.53095
773 1
773 774 0.53158
774 1
774 775 0.53218
775 1
775 776 0.53273
776 1
776 777 0.53323
777 1
777 778 0.53369
778 1
778 779 0.53410
779 1
779 780 0.53445
780 1
780 781 0.53474
781 1
781 782 0.53498
782 1
782 783 0.11480
783 1
783 1161 0.50007
784 1
784 785 0.46879
785 1
785 1162 0.50032
786 1
786 1163 0.50021
787 1
787 788 0.03017
788 1
788 75 0.73082
789 1
789 1165 0.45670
790 1
790 789 0.12998
791 1
791 790 0.60594
792 1
792 791 0.60673
793 1
793 792 0.60810
794 1
794 793 0.60997
795 1
795 794 0.61229
796 1
796 795 0.61501
797 1
797 796 0.61805
798 1
798 797 0.62138
799 1
799 798 0.62494
800 1
800 799 0.62868
801 1
801 800 0.63254
802 1
802 801 0.63647
803 1
803 802 0.19773
804 1
804 803 0.54902
805 1
805 804 0.55034
806 1
806 805 0.55160
807 1
807 806 0.55279
808 1
808 807 0.55390
809 1
809 808 0.55493
810 1
810 809 0.55586
811 1
811 810 0.55668
812 1
812 811 0.55739
813 1
813 812 0.55798
814 1
814 813 0.55845
815 1
815 814 0.55879
816 1
816 815 0.55901
817 1
817 816 0.30032
818 1
818 819 0.13033
819 1
819 820 0.41053
820 1
820 821 0.41019
821 1
821 822 0.40961
822 1
822 823 0.40879
823 1
823 824 0.40775
824 1
824 825 0.40652
825 1
825 826 0.40512
826 1
826 827 0.40356
827 1
827 828 0.40187
828 1
828 829 0.40007
829 1
829 830 0.39817
830 1
830 831 0.39620
831 1
831 832 0.12218
832 1
832 833 0.46453
833 1
833 834 0.46384
834 1
834 835 0.46314
835 1
835 836 0.46245
836 1
836 837 0.46177
837 1
837 838 0.46110
838 1
838 839 0.46047
839 1
839 840 0.45988
840 1
840 841 0.45935
841 1
841 842 0.45887
842 1
842 843 0.45847
843 1
843 844 0.45816
844 1
844 845 0.45795
845 1
845 846 0.24593
846 1
846 215 0.13033
847 1
847 341 0.42520
848 1
848 1167 0.50001
849 1
849 1168 0.50000
850 1
850 849 0.10004
851 1
851 1169 0.50000
852 1
852 1170 0.50001
853 1
853 1171 0.50001
854 1
854 1172 0.50002
855 1
855 1173 0.44040
856 1
856 855 0.50150
857 1
857 856 0.50152
858 1
858 857 0.50153
859 1
859 858 0.50154
860 1
860 859 0.50156
861 1
861 860 0.50157
862 1
862 861 0.50159
863 1
863 862 0.50160
864 1
864 863 0.50161
865 1
865 864 0.50163
866 1
866 865 0.50164
867 1
867 866 0.50165
868 1
868 867 0.50167
869 1
869 868 0.50168
870 1
870 869 0.50169
871 1
871 870 0.50170
872 1
872 871 0.50171
873 1
873 872 0.50172
874 1
874 1091 0.50000
875 1
875 1174 0.50000
876 1
876 877 0.10004
877 1
877 1175 0.50004
878 1
878 1176 0.50024
879 1
879 1177 0.50053
880 1
880 1178 0.50081
881 1
881 1179 0.44126
882 1
882 883 0.49954
883 1
883 884 0.49951
884 1
884 885 0.49945
885 1
885 886 0.49936
886 1
886 887 0.49923
887 1
887 888 0.49908
888 1
888 889 0.49892
889 1
889 890 0.49874
890 1
890 891 0.49857
891 1
891 892 0.49842
892 1
892 893 0.49829
893 1
893 894 0.49821
894 1
894 895 0.49820
895 1
895 896 0.49827
896 1
896 897 0.49845
897 1
897 898 0.49876
898 1
898 899 0.49923
899 1
899 900 0.49987
900 1
900 422 0.49908
901 1
901 341 0.42520
902 1
902 1181 0.50001
903 1
903 1182 0.50000
904 1
904 903 0.10004
905 1
905 1183 0.50002
906 1
906 1184 0.50016
907 1
907 1185 0.50034
908 1
908 907 0.65079
909 1
909 908 0.67739
910 1
910 909 0.68023
911 1
911 910 0.68315
912 1
912 911 0.68610
913 1
913 912 0.68901
914 1
914 913 0.69184
915 1
915 914 0.69454
916 1
916 915 0.69705
917 1
917 916 0.69933
918 1
918 917 0.70133
919 1
919 918 0.70300
920 1
920 919 0.20038
921 1
921 920 0.54021
922 1
922 921 0.54031
923 1
923 922 0.54034
924 1
924 923 0.54031
925 1
925 924 0.54021
926 1
926 925 0.54006
927 1
927 926 0.53985
928 1
928 1092 0.50000
929 1
929 1186 0.50000
930 1
930 931 0.10004
931 1
931 1187 0.50025
932 1
932 1188 0.50052
933 1
933 1189 0.50071
934 1
934 935 0.65121
935 1
935 936 0.32701
936 1
936 937 0.32369
937 1
937 938 0.32037
938 1
938 939 0.31713
939 1
939 940 0.31401
940 1
940 941 0.31108
941 1
941 942 0.30842
942 1
942 943 0.30608
943 1
943 944 0.30415
944 1
944 945 0.30270
945 1
945 946 0.30181
946 1
946 947 0.08582
947 1
947 948 0.46116
948 1
948 949 0.46134
949 1
949 950 0.46178
950 1
950 951 0.46260
951 1
951 952 0.46371
952 1
952 953 0.46501
953 1
953 954 0.46642
954 1
954 615 0.04957
955 1
955 615 0.00000
956 1
956 955 0.29898
957 1
957 956 0.63311
958 1
958 957 0.63317
959 1
959 958 0.63327
960 1
960 959 0.63342
961 1
961 960 0.63361
962 1
962 961 0.63382
963 1
963 962 0.63406
964 1
964 963 0.63431
965 1
965 964 0.63458
966 1
966 965 0.17795
967 1
967 966 0.02637
968 1
968 967 0.02637
969 1
969 968 0.66222
970 1
970 969 0.66254
971 1
971 970 0.66285
972 1
972 971 0.66314
973 1
973 972 0.66340
974 1
974 973 0.66362
975 1
975 974 0.66380
976 1
976 975 0.66393
977 1
977 976 0.66399
978 1
978 977 0.05486
979 1
979 978 0.50173
980 1
980 422 0.00020
981 1
981 980 0.35715
982 1
982 981 0.35705
983 1
983 982 0.35685
984 1
984 983 0.35656
985 1
985 984 0.35620
986 1
986 985 0.35578
987 1
987 986 0.35530
988 1
988 987 0.35478
989 1
989 988 0.35423
990 1
990 989 0.33088
991 1
991 990 0.02646
992 1
992 991 0.36047
993 1
993 992 0.35992
994 1
994 993 0.35939
995 1
995 994 0.35888
996 1
996 995 0.35841
997 1
997 996 0.35799
998 1
998 997 0.35763
999 1
999 998 0.35734
1000 1
1000 999 0.35714
1001 1
1001 1 0.50000
1002 1
1002 2 0.50000
1003 1
1003 3 0.50000
1004 1
1004 4 0.50000
1005 1
1005 5 0.50001
1006 1
1006 6 0.50001
1007 1
1007 7 0.50001
1008 1
1008 8 0.50001
1009 1
1009 9 0.50001
1010 1
1010 10 0.50001
1011 1
1011 11 0.50001
1012 1
1012 12 0.50001
1013 1
1013 13 0.50001
1014 1
1014 14 0.50001
1015 1
1015 15 0.50001
1016 1
1016 16 0.50001
1017 1
1017 17 0.50001
1018 1
1018 18 0.50001
1019 1
1019 19 0.50001
1020 1
1020 20 0.50000
1021 1
1021 21 0.50000
1022 1
1022 22 0.50000
1023 1
1023 23 0.50000
1024 1
1024 24 0.50000
1025 1
1025 25 0.50000
1026 1
1026 26 0.50002
1027 1
1027 27 0.50005
1028 1
1028 28 0.50007
1029 1
1029 29 0.50009
1030 1
1030 30 0.50010
1031 1
1031 78 0.50011
1032 1
1032 79 0.50021
1033 1
1033 80 0.50025
1034 1
1034 81 0.50022
1035 1
1035 82 0.50013
1036 1
1036 83 0.50005
1037 1
1037 84 0.50002
1038 1
1038 85 0.50001
1039 1
1039 86 0.50000
1040 1
1040 87 0.50000
1041 1
1041 88 0.50001
1042 1
1042 89 0.50002
1043 1
1043 90 0.50004
1044 1
1044 91 0.50005
1045 1
1045 92 0.50006
1046 1
1046 93 0.50007
1047 1
1047 94 0.50008
1048 1
1048 95 0.50009
1049 1
1049 96 0.50009
1050 1
1050 97 0.50007
1051 1
1051 98 0.50002
1052 1
1052 99 0.50000
1053 1
1053 100 0.50004
1054 1
1054 101 0.50010
1055 1
1055 102 0.50017
1056 1
1056 103 0.50024
1057 1
1057 104 0.50031
1058 1
1058 105 0.50036
1059 1
1059 106 0.50039
1060 1
1060 107 0.50039
1061 1
1061 209 0.50009
1062 1
1062 210 0.50008
1063 1
1063 211 0.50006
1064 1
1064 212 0.50005
1065 1
1065 273 0.50005
1066 1
1066 274 0.50002
1067 1
1067 275 0.50053
1068 1
1068 276 0.50054
1069 1
1069 277 0.50005
1070 1
1070 508 0.43798
1071 1
1071 331 0.50000
1072 1
1072 332 0.50000
1073 1
1073 333 0.50001
1074 1
1074 334 0.50001
1075 1
1075 335 0.50002
1076 1
1076 336 0.50002
1077 1
1077 337 0.50002
1078 1
1078 338 0.50002
1079 1
1079 339 0.50002
1080 1
1080 396 0.50000
1081 1
1081 397 0.50000
1082 1
1082 398 0.50001
1083 1
1083 399 0.50001
1084 1
1084 400 0.50001
1085 1
1085 401 0.50001
1086 1
1086 402 0.50001
1087 1
1087 403 0.50001
1088 1
1088 404 0.50001
1089 1
1089 405 0.50001
1090 1
1090 405 0.50001
1091 1
1091 875 0.50000
1092 1
1092 929 0.50000
1093 1
1093 413 0.50008
1094 1
1094 414 0.50007
1095 1
1095 415 0.50006
1096 1
1096 416 0.50004
1097 1
1097 417 0.50003
1098 1
1098 418 0.50002
1099 1
1099 419 0.50001
1100 1
1100 430 0.50135
1101 1
1101 431 0.50064
1102 1
1102 432 0.50025
1103 1
1103 433 0.50007
1104 1
1104 434 0.50001
1105 1
1105 435 0.50000
1106 1
1106 436 0.50001
1107 1
1107 213 0.50003
1108 1
1108 214 0.43763
1109 1
1109 469 0.50020
1110 1
1110 470 0.49999
1111 1
1111 471 0.50002
1112 1
1112 472 0.50003
1113 1
1113 473 0.50002
1114 1
1114 474 0.50011
1115 1
1115 475 0.50023
1116 1
1116 476 0.50007
1117 1
1117 477 0.50001
1118 1
1118 478 0.50002
1119 1
1119 479 0.50009
1120 1
1120 480 0.50021
1121 1
1121 481 0.50038
1122 1
1122 482 0.50058
1123 1
1123 483 0.50079
1124 1
1124 540 0.50008
1125 1
1125 541 0.50000
1126 1
1126 542 0.50006
1127 1
1127 543 0.50023
1128 1
1128 544 0.50045
1129 1
1129 545 0.50068
1130 1
1130 546 0.50087
1131 1
1131 547 0.50098
1132 1
1132 548 0.50101
1133 1
1133 549 0.50095
1134 1
1134 550 0.50081
1135 1
1135 551 0.50061
1136 1
1136 552 0.50038
1137 1
1137 553 0.50023
1138 1
1138 554 0.50018
1139 1
1139 585 0.47013
1140 1
1140 603 0.50003
1141 1
1141 604 0.50001
1142 1
1142 605 0.46113
1143 1
1143 623 0.47148
1144 1
1144 641 0.50000
1145 1
1145 642 0.50001
1146 1
1146 643 0.46121
1147 1
1147 651 0.50016
1148 1
1148 651 0.50016
1149 1
1149 755 0.45663
1150 1
1150 818 0.45663
1151 1
1151 756 0.50006
1152 1
1152 654 0.50042
1153 1
1153 655 0.50085
1154 1
1154 723 0.50042
1155 1
1155 724 0.50085
1156 1
1156 726 0.50032
1157 1
1157 754 0.50001
1158 1
1158 1159 0.46054
1159 1
1159 614 0.46054
1160 1
1160 613 0.50000
1161 1
1161 784 0.50007
1162 1
1162 786 0.50048
1163 1
1163 787 0.50021
1164 1
1164 613 0.50000
1165 1
1165 614 0.45671
1166 1
1166 340 0.50001
1167 1
1167 847 0.50001
1168 1
1168 848 0.50000
1169 1
1169 850 0.50000
1170 1
1170 851 0.50001
1171 1
1171 852 0.50001
1172 1
1172 853 0.50002
1173 1
1173 854 0.44040
1174 1
1174 876 0.50000
1175 1
1175 878 0.50003
1176 1
1176 879 0.50025
1177 1
1177 880 0.50054
1178 1
1178 881 0.50082
1179 1
1179 882 0.44126
1180 1
1180 340 0.50001
1181 1
1181 901 0.50001
1182 1
1182 902 0.50000
1183 1
1183 904 0.50003
1184 1
1184 905 0.50015
1185 1
1185 906 0.50034
1186 1
1186 930 0.50000
1187 1
1187 932 0.50037
1188 1
1188 933 0.50053
1189 1
1189 934 0.50071
