lanes_info_version: 1.0.1
map_name: xn.xml
opendrive_version: 1.4
lanes_list_size: 24
0 0 0 1 1 2 0 52.96 -79.37 -55.0806 13.1026 57.8023 -82.5532 56.1504 -61.6091 9.37348 -53.3756 13.06 -74.3197 59.8369 0 -1 1 
1 0 0 -1 1 1 0 52.96 -82.1022 -54.317 10.0202 56.48 -87.0446 54.201 -63.668 5.2536 -52.6081 10.5357 -75.9847 59.483 0 0 -1 
2 1 0 1 1 2 0 34.0871 -62.4486 -47.4684 24.4223 57.186 -63.872 56.5062 -51.8568 23.0891 -46.017 25.1888 -58.0322 58.6059 0 -1 3 
3 1 0 -1 1 1 0 34.0871 -58.5844 -44.878 25.9006 58.138 -60.1656 57.6888 -48.4587 24.491 -43.1879 26.3497 -54.8948 59.5475 0 2 -1 
4 2 0 1 1 2 0 36.2325 -28.73 -13.2891 38.3005 73.352 -30.1394 72.709 -17.2652 36.7732 -11.6645 38.7797 -24.5387 74.7155 0 -1 5 
5 2 0 -1 1 1 0 36.2325 -31.1129 -15.967 37.3571 71.74 -32.4888 71.4089 -19.3086 35.9708 -14.5442 37.7427 -27.7244 73.1809 0 4 -1 
6 3 0 1 1 2 0 11.6921 -10.0468 -3.01777 12.0678 23.5676 -11.6782 22.9045 -6.9058 10.6614 -1.64234 12.7131 -6.41474 24.9562 0 -1 7 
7 3 0 -1 1 1 0 11.6921 -13.1261 -6.38074 11.3306 22.4671 -14.4314 21.9077 -9.42207 9.73488 -4.5508 11.7395 -9.56018 23.9123 0 6 -1 
8 4 0 1 1 2 0 41.993 -64.9335 -25.6516 56.7854 79.997 -63.08 55.0907 -23.6414 72.236 -29.0497 84.6766 -68.4883 67.5313 0 -1 9 
9 4 0 -1 1 1 0 41.993 -59.3199 -28.9409 58.02 76.1415 -59.2353 56.4022 -27.0969 70.421 -31.6042 80.7539 -63.7426 66.7351 0 8 -1 
10 5 0 1 1 2 0 20.6886 -36.9901 -16.7398 16.9864 25.6425 -36.987 15.602 -15.4792 21.8036 -16.9946 27.059 -38.5024 20.8574 0 -1 11 
11 5 0 -1 1 1 0 20.6886 -37.6415 -18.2974 19.2221 28.4034 -37.5345 17.7332 -16.9589 24.8283 -18.6774 29.8121 -39.253 22.717 0 10 -1 
12 7 0 -1 1 1 0 16.196 -54.6069 -43.9821 11.0462 26.7691 -47.0336 29.1606 -56.8094 11.6597 -49.5823 7.62275 -39.8065 25.1237 1 -1 -1 
13 9 0 1 1 2 0 15.9593 -55.7443 -46.8624 13.5522 25.8055 -49.5777 28.4132 -58.4627 14.8893 -52.1367 10.7332 -43.2517 24.2571 1 -1 -1 
14 10 0 -1 1 1 0 17.654 -54.6069 -37.5419 11.0462 18.78 -54.526 9.74788 -36.1011 15.1902 -37.6396 20.3988 -56.0645 14.9565 1 -1 -1 
15 12 0 -1 1 1 0 17.654 -55.5288 -37.8551 13.7249 20.8178 -55.584 12.3846 -36.334 16.7365 -37.7037 22.7952 -56.9537 18.4433 1 -1 -1 
16 14 0 1 1 2 0 13.1835 -51.0548 -37.0988 16.1251 25.7799 -53.8632 21.5736 -38.5398 12.3544 -34.4536 19.1462 -49.777 28.3654 1 -1 -1 
17 15 0 -1 1 1 0 13.1835 -47.4193 -37.8551 18.5976 26.833 -50.0353 24.2258 -39.5347 15.383 -35.4458 20.2385 -45.9465 29.0813 1 -1 -1 
18 20 0 1 1 2 0 16.4791 -15.816 -7.16518 22.9362 38.9188 -17.6582 38.2196 -10.693 21.4816 -5.67314 23.5705 -12.6383 40.3085 1 -1 -1 
19 21 0 -1 1 1 0 16.4791 -18.2952 -10.2152 21.7965 37.9031 -20.003 37.5725 -14.337 20.4287 -8.92448 22.2175 -14.5905 39.3613 1 -1 -1 
20 25 0 1 1 2 0 14.9455 -18.2501 -10.2846 22.5885 38.9188 -16.8126 40.5371 -19.8519 22.0974 -10.8027 20.6059 -7.76344 39.0456 1 -1 -1 
21 26 0 -1 1 1 0 14.9455 -19.659 -13.4919 25.6666 37.9031 -19.8468 39.2107 -20.9315 24.8665 -12.9859 24.2656 -11.9012 38.6099 1 -1 -1 
22 27 0 1 1 2 0 10.2841 -19.6952 -7.06334 22.6833 29.6354 -21.7563 25.9538 -7.42443 20.199 -4.6231 27.1756 -18.955 32.9304 1 -1 -1 
23 30 0 1 1 2 0 9.99191 -17.845 -10.0469 21.3636 26.2904 -20.2882 23.7735 -11.4051 18.3343 -8.01226 23.8753 -16.8954 29.3145 1 -1 -1 
lane_edge_list_size: 56
0 0 13 0 1 
1 0 15 0 0 
2 1 12 0 1 
3 1 14 0 1 
4 2 13 1 0 
5 2 16 1 0 
6 2 8 0 1 
7 3 12 1 0 
8 3 17 1 0 
9 3 9 0 1 
10 4 8 1 0 
11 4 18 0 1 
12 4 20 0 1 
13 5 9 1 0 
14 5 19 0 1 
15 5 21 0 1 
16 6 18 1 0 
17 6 22 1 0 
18 7 19 1 0 
19 7 23 1 1 
20 8 2 1 0 
21 8 4 0 1 
22 9 3 1 0 
23 9 5 0 1 
24 10 20 1 0 
25 10 23 1 0 
26 10 14 0 0 
27 10 16 0 1 
28 11 21 1 0 
29 11 22 1 1 
30 11 15 0 1 
31 11 17 0 1 
32 12 1 1 0 
33 12 3 0 1 
34 13 0 1 0 
35 13 2 0 1 
36 14 1 1 0 
37 14 10 0 0 
38 15 11 1 0 
39 15 0 0 0 
40 16 10 1 0 
41 16 2 0 1 
42 17 11 1 0 
43 17 3 0 1 
44 18 4 1 0 
45 18 6 0 1 
46 19 5 1 0 
47 19 7 0 1 
48 20 4 1 0 
49 20 10 0 1 
50 21 5 1 0 
51 21 11 0 1 
52 22 11 1 1 
53 22 6 0 1 
54 23 7 1 1 
55 23 10 0 1 
