version 2.4
0 -77.61075 57.14116 -1.76323 1.93028 0 0 0
1 -77.25952 56.20487 -1.76604 1.93028 1 1 0.0015729917442559927
2 -76.90936 55.26818 -1.77644 1.93028 1 1 0.001098012829259367
3 -76.56018 54.33112 -1.79374 1.93028 1 1 0.0009903272025011825
4 -76.21188 53.39373 -1.81721 1.93028 1 1 0.0008900854734417749
5 -75.86436 52.45604 -1.84616 1.93028 1 1 0.0007930392980120474
6 -75.51754 51.51810 -1.87986 1.93028 1 1 0.0006867496956231698
7 -75.17131 50.57993 -1.91762 1.93028 1 1 0.0005884175088085418
8 -74.82559 49.64157 -1.95872 1.93028 1 1 0.000489001139888318
9 -74.48028 48.70305 -2.00245 1.93028 1 1 0.00038415411747099175
10 -74.13528 47.76442 -2.04812 1.93028 1 1 0.00028674760529894076
11 -73.79050 46.82571 -2.09499 1.93028 1 1 0.0001872340332285576
12 -73.44585 45.88695 -2.14237 1.93028 1 1 7.859460630282774e-05
13 -73.10123 44.94817 -2.18955 1.93028 1 1 -1.1358904101906549e-05
14 -72.75655 44.00942 -2.23582 1.93028 1 1 -0.00012375288769175252
15 -72.41171 43.07073 -2.28047 1.93028 1 1 -0.00021323765255640574
16 -72.06661 42.13214 -2.32279 1.93028 1 1 -0.0003256354458472631
17 -71.72117 41.19367 -2.36207 1.93028 1 1 -0.0004160602668242195
18 -71.37529 40.25537 -2.39761 1.93028 1 1 -0.0005242440681965131
19 -71.02888 39.31727 -2.42869 1.93028 1 1 -0.0006217053300702376
20 -70.68183 38.37941 -2.45460 1.93028 1 1 -0.0007229862189460841
21 -70.33406 37.44182 -2.47464 1.93028 1 1 -0.0008243604120435499
22 -69.98547 36.50454 -2.48810 1.93028 1 1 -0.0009265474845052865
23 -69.63596 35.56760 -2.49426 1.93028 1 1 -0.0011048056254067743
24 -69.28545 34.63104 -2.49293 1.93028 1 1 -0.005754227156383177
25 -68.93391 33.69487 -2.48629 1.93028 1 1 0.003912569738733539
26 -68.58569 32.75745 -2.47523 1.93028 1 1 0.00761647885393618
27 -68.24262 31.81809 -2.46039 1.93028 1 1 0.004934499059602255
28 -67.90364 30.87720 -2.44241 1.93028 1 1 0.0037990301511870383
29 -67.56769 29.93517 -2.42196 1.93028 1 1 0.0026660247941025206
30 -67.23370 28.99240 -2.39966 1.93028 1 1 0.001302905750984825
31 -66.90061 28.04930 -2.37616 1.93028 1 1 -0.008851477428074366
32 -66.75879 27.64772 -2.36595 1.93028 1 1 -0.003968662618225941
33 -66.59519 27.19038 -2.35390 1.93896 1 1 -0.01856277401272884
34 -66.42730 26.73451 -2.34186 1.94763 1 1 -0.019145892119609147
35 -66.25503 26.28020 -2.32992 1.95631 1 1 -0.01974649472379879
36 -66.07824 25.82756 -2.31814 1.96498 1 1 -0.0203552352544514
37 -65.89683 25.37668 -2.30662 1.97365 1 1 -0.020943543160291733
38 -65.71070 24.92769 -2.29543 1.98233 1 1 -0.021549194521905603
39 -65.51972 24.48068 -2.28466 1.99100 1 1 -0.022211424920757096
40 -65.32380 24.03578 -2.27438 1.99967 1 1 -0.023462907622366653
41 -65.12285 23.59311 -2.26468 2.00835 1 1 -0.023643837275675227
42 -64.91694 23.15270 -2.25563 2.01702 1 1 -0.02307253276733979
43 -64.70622 22.71456 -2.24732 2.02570 1 1 -0.0225002595762689
44 -64.49084 22.27869 -2.23983 2.03437 1 1 -0.021943751321686914
45 -64.27094 21.84508 -2.23324 2.04304 1 1 -0.021345504107652014
46 -64.04668 21.41372 -2.22762 2.05172 1 1 -0.020799643143757793
47 -63.81820 20.98459 -2.22306 2.06039 1 1 -0.020211211577105707
48 -63.58564 20.55769 -2.21965 2.06907 1 1 -0.019641916005348075
49 -63.34914 20.13297 -2.21745 2.07774 1 1 -0.0190680234777596
50 -63.10884 19.71042 -2.21655 2.08641 1 1 -0.018508752846400037
51 -62.86488 19.29000 -2.21704 2.09509 1 1 -0.01792608735518511
52 -62.61740 18.87167 -2.21899 2.10376 1 1 -0.01734956838538847
53 -62.36653 18.45539 -2.22227 2.11243 1 1 -0.016782101880247487
54 -62.11239 18.04112 -2.22574 2.12111 1 1 -0.016223146892755797
55 -61.85513 17.62881 -2.22921 2.12978 1 1 -0.03658219308526331
56 -61.59486 17.21841 -2.23268 2.13845 1 1 -0.21224362789846313
57 -61.57691 17.19034 -2.23292 2.13905 1 1 -0.5118882445650801
58 -61.35883 16.87447 -2.23639 2.21082 1 1 -0.18206581184431544
59 -61.11937 16.57444 -2.23986 2.28260 1 1 -0.18028736617446217
60 -60.85973 16.29154 -2.24333 2.35437 1 1 -0.17581606205103012
61 -60.58109 16.02707 -2.24680 2.42614 1 1 -0.18201886448374394
62 -60.28434 15.78272 -2.25027 2.49791 1 1 -0.18418626817535905
63 -59.97075 15.55992 -2.25374 2.56969 1 1 -0.18524534953498517
64 -59.64180 15.35998 -2.25700 2.64146 1 1 -0.18629138020218486
65 -59.29906 15.18409 -2.25998 2.71323 1 1 -0.18737603564857966
66 -58.94425 15.03339 -2.26270 2.78500 1 1 -0.18847921496430675
67 -58.57917 14.90886 -2.26520 2.85678 1 1 -0.18954901823276202
68 -58.20577 14.81137 -2.26751 2.92855 1 1 -0.19075130006786145
69 -57.82604 14.74166 -2.26964 3.00032 1 1 -0.19187586405823434
70 -57.44211 14.70031 -2.27164 3.07210 1 1 -0.19314793779956863
71 -57.05615 14.68774 -2.27352 -3.13932 1 1 -0.1943928723806934
72 -56.67041 14.70417 -2.27533 -3.06754 1 1 -0.19575584818541253
73 -56.28717 14.74968 -2.27707 -2.99577 1 0 0
74 -55.90877 14.82413 -2.27880 -2.92400 1 0 0
75 -55.53754 14.92718 -2.28052 -2.85222 1 0 0
76 -80.73610 55.96659 -1.76323 -1.21131 1 0 0
77 -80.39184 55.02768 -1.76604 -1.21131 1 1 -0.019637439188234216
78 -80.05956 54.08427 -1.77644 -1.21131 1 1 -0.005340159238756882
79 -79.73462 53.13810 -1.79374 -1.21131 1 1 -0.0003758690869190156
80 -79.41236 52.19093 -1.81721 -1.21131 1 1 0.004574538023457382
81 -79.08813 51.24449 -1.84616 -1.21131 1 1 0.01150649594641281
82 -78.75728 50.30054 -1.87986 -1.21131 1 1 0.010724970482503846
83 -78.41885 49.35944 -1.91762 -1.21131 1 1 0.0018897507000127545
84 -78.07585 48.42006 -1.95872 -1.21131 1 1 0.00429771043296879
85 -77.72863 47.48226 -2.00245 -1.21131 1 1 0.0039271599505897505
86 -77.37755 46.54591 -2.04812 -1.21131 1 1 0.003540573476858962
87 -77.02298 45.61088 -2.09499 -1.21131 1 1 0.003154285236616537
88 -76.66528 44.67702 -2.14237 -1.21131 1 1 0.0027683809965785193
89 -76.30481 43.74421 -2.18955 -1.21131 1 1 0.0023861294631292666
90 -75.94192 42.81230 -2.23582 -1.21131 1 1 0.00200161562855461
91 -75.57698 41.88116 -2.28047 -1.21131 1 1 0.001615650912607598
92 -75.21035 40.95066 -2.32279 -1.21131 1 1 0.001230591843848526
93 -74.84238 40.02066 -2.36207 -1.21131 1 1 0.000848744709591689
94 -74.47344 39.09103 -2.39761 -1.21131 1 1 0.0004592312750046619
95 -74.10389 38.16162 -2.42869 -1.21131 1 1 0.0008893042431477394
96 -73.73408 37.23232 -2.45460 -1.21131 1 1 -0.00045361374385110203
97 -73.36589 36.30240 -2.47464 -1.21131 1 1 -0.018418234473532177
98 -73.00716 35.36893 -2.48810 -1.21131 1 1 -0.010901005140507434
99 -72.65796 34.43188 -2.49426 -1.21131 1 1 -0.008328694406291325
100 -72.31714 33.49168 -2.49293 -1.21131 1 1 -0.007080798509642763
101 -71.98353 32.54876 -2.48629 -1.21131 1 1 -0.005843874756606376
102 -71.65598 31.60358 -2.47523 -1.21131 1 1 -0.004591484302419103
103 -71.33331 30.65655 -2.46039 -1.21131 1 1 -0.0033626072914932637
104 -71.01437 29.70813 -2.44241 -1.21131 1 1 -0.0021095366712159244
105 -70.69800 28.75874 -2.42196 -1.21131 1 1 -0.0008831464487745348
106 -70.38304 27.80882 -2.39966 -1.21131 1 1 -0.0004796118057961828
107 -70.06832 26.85881 -2.37616 -1.21131 1 1 0.0017336220987695758
108 -69.93410 26.45438 -2.36595 -1.21131 1 1 0.02378193742937609
109 -69.76873 25.96618 -2.35390 -1.20263 1 1 0.029443514648821372
110 -69.59857 25.47948 -2.34186 -1.19396 1 1 0.020023662661707395
111 -69.42351 24.99438 -2.32992 -1.18529 1 1 0.02058826650432786
112 -69.24340 24.51099 -2.31814 -1.17661 1 1 0.02116690297691627
113 -69.05814 24.02944 -2.30662 -1.16794 1 1 0.021752196590572
114 -68.86759 23.54985 -2.29543 -1.15926 1 1 0.02230879851219244
115 -68.67164 23.07234 -2.28466 -1.15059 1 1 0.022898371406959005
116 -68.47018 22.59706 -2.27438 -1.14192 1 1 0.02347144379564794
117 -68.26309 22.12412 -2.26468 -1.13324 1 1 0.024037677510214624
118 -68.05027 21.65369 -2.25563 -1.12457 1 1 0.0246209332784582
119 -67.83161 21.18589 -2.24732 -1.11590 1 1 0.025207960842997788
120 -67.60701 20.72089 -2.23983 -1.10722 1 1 0.025768031480683594
121 -67.37637 20.25884 -2.23324 -1.09855 1 1 0.023291768808232343
122 -67.13997 19.79970 -2.22762 -1.08988 1 1 -0.06127256675165914
123 -66.90790 19.33819 -2.22306 -1.08120 1 1 -0.04177858010464953
124 -66.68282 18.87264 -2.21965 -1.07253 1 1 -0.008603676358015042
125 -66.46208 18.40419 -2.21745 -1.06385 1 1 -0.0021366538558989113
126 -66.24309 17.93406 -2.21655 -1.05518 1 1 0.012740675416375271
127 -66.02330 17.46357 -2.21704 -1.04651 1 1 0.023270455241305506
128 -65.80022 16.99411 -2.21899 -1.03783 1 1 0.033769976063406475
129 -65.57139 16.52716 -2.22227 -1.02916 1 1 0.04424687212291366
130 -65.33441 16.06431 -2.22574 -1.02049 1 1 0.05480262079780725
131 -65.08693 15.60720 -2.22921 -1.01181 1 1 0.06539567782180339
132 -64.82667 15.15758 -2.23268 -1.00314 1 1 0.16238395257542748
133 -64.80831 15.12707 -2.23292 -1.00254 1 1 0.21709552989857644
134 -64.43870 14.58124 -2.23639 -0.93077 1 1 0.3577696783767412
135 -64.01838 14.07357 -2.23986 -0.85900 1 1 0.1481535929245944
136 -63.55163 13.60946 -2.24333 -0.78722 1 1 0.13589631143581016
137 -63.04517 13.19172 -2.24680 -0.71545 1 1 0.1323521098842022
138 -62.50534 12.82248 -2.25027 -0.64368 1 1 0.1279049151297276
139 -61.93838 12.50300 -2.25374 -0.57191 1 1 0.12353932514936629
140 -61.35026 12.23365 -2.25700 -0.50013 1 1 0.11914611511436554
141 -60.74662 12.01406 -2.25998 -0.42836 1 1 0.11475221468907308
142 -60.13265 11.84315 -2.26270 -0.35659 1 1 0.11019074546037776
143 -59.51301 11.71925 -2.26520 -0.28481 1 1 0.10551041915454529
144 -58.89178 11.64017 -2.26751 -0.21304 1 1 0.1006045063365193
145 -58.27236 11.60337 -2.26964 -0.14127 1 1 0.09546664441954028
146 -57.65750 11.60601 -2.27164 -0.06950 1 1 0.09009737470046036
147 -57.04922 11.64509 -2.27352 0.00228 1 1 0.08452077409057737
148 -56.44885 11.71761 -2.27533 0.07405 1 1 0.07770859022228355
149 -55.85697 11.82043 -2.27707 0.14582 1 1 0.07282821672917841
150 -55.27351 11.95091 -2.27880 0.21759 1 1 0.086628966521319
151 -54.69879 12.10998 -2.28052 0.28937 2 1 0.09358053579976393
152 -49.28637 25.16147 -2.35183 -1.18463 2 1 0.07824434923186531
153 -49.46776 25.63038 -2.34191 -1.18601 1 1 -0.0003679817660021864
154 -49.64919 26.09924 -2.33008 -1.18739 1 1 -0.000199355091317139
155 -49.83062 26.56809 -2.31656 -1.18876 1 1 5.0700639154475845e-05
156 -50.01203 27.03692 -2.30158 -1.19015 1 1 8.679617370655579e-05
157 -50.19338 27.50577 -2.28540 -1.19152 1 1 0.000262998304402242
158 -50.37462 27.97464 -2.26823 -1.19290 1 1 0.00039315354932376907
159 -50.55572 28.44355 -2.25032 -1.19428 1 1 0.0005716488381408045
160 -50.73666 28.91251 -2.23190 -1.19566 1 1 0.0007001378910759844
161 -50.91739 29.38155 -2.21321 -1.19704 1 1 0.0008647080000744961
162 -51.09788 29.85067 -2.19448 -1.19842 1 1 0.0010105293137417073
163 -51.27809 30.31989 -2.17595 -1.19980 1 1 0.0011793645820694935
164 -51.45798 30.78923 -2.15786 -1.20118 1 1 0.0013129367695750005
165 -51.63753 31.25870 -2.14043 -1.20256 1 1 0.0014781505478770386
166 -51.81669 31.72830 -2.12391 -1.20394 1 1 0.0016215806767765984
167 -51.99544 32.19807 -2.10853 -1.20532 1 1 0.0017817345847644594
168 -52.17372 32.66801 -2.09452 -1.20670 1 1 0.0019319755320502997
169 -52.35151 33.13813 -2.08213 -1.20808 1 1 0.002090389529936194
170 -52.52877 33.60846 -2.07158 -1.20946 1 1 0.0022298765094969143
171 -52.70547 34.07899 -2.06312 -1.21083 1 1 0.0024026903687559917
172 -52.88156 34.54975 -2.05683 -1.21221 1 1 0.002531060515479825
173 -53.05701 35.02074 -2.05246 -1.21359 1 1 0.002709419082829637
174 -53.23179 35.49199 -2.04983 -1.21497 1 1 0.002844290048136161
175 -53.40586 35.96350 -2.04876 -1.21635 1 1 0.00299717632311326
176 -53.57918 36.43528 -2.04908 -1.21773 1 1 0.0031686306429228686
177 -53.75172 36.90735 -2.05061 -1.21911 1 1 0.0032920632464974926
178 -53.92343 37.37972 -2.05317 -1.22049 1 1 0.0034750538009470215
179 -54.09428 37.85240 -2.05658 -1.22187 1 1 0.0036103277180223633
180 -54.26424 38.32540 -2.06067 -1.22325 1 1 0.003767674527924085
181 -54.43326 38.79873 -2.06526 -1.22463 1 1 0.003918962523667983
182 -54.60132 39.27240 -2.07016 -1.22601 1 1 0.004075555469025663
183 -54.76837 39.74643 -2.07521 -1.22739 1 1 0.004226865224613629
184 -54.93437 40.22083 -2.08022 -1.22876 1 1 0.004369432267957915
185 -55.09929 40.69560 -2.08502 -1.23015 1 1 0.004545845087294891
186 -55.26310 41.17075 -2.08943 -1.23152 1 1 0.004672314096695832
187 -55.42575 41.64631 -2.09327 -1.23290 1 1 0.006126903591861823
188 -55.58720 42.12226 -2.09637 -1.23428 1 1 0.010190646735634117
189 -55.74773 42.59853 -2.09854 -1.23566 1 1 -0.0018607200619526866
190 -55.90884 43.07458 -2.09961 -1.23704 1 1 -0.003404740043902413
191 -56.07068 43.55036 -2.09940 -1.23842 1 1 -0.00305434829281349
192 -56.23317 44.02592 -2.09774 -1.23980 1 1 -0.002751120482250715
193 -56.39623 44.50128 -2.09444 -1.24118 1 1 -0.0023916611295825493
194 -56.55979 44.97647 -2.08933 -1.24256 1 1 -0.0020684194686743404
195 -56.72377 45.45152 -2.08223 -1.24394 1 1 -0.0017439850587515407
196 -56.88808 45.92647 -2.07350 -1.24532 1 1 -0.0014016983048736322
197 -57.05266 46.40134 -2.06777 -1.24670 1 1 -0.0010673399062100983
198 -57.21741 46.87616 -2.06589 -1.24808 1 1 -0.0007453899740564929
199 -57.38227 47.35097 -2.06751 -1.24946 1 1 -0.00039974970316186524
200 -57.54715 47.82578 -2.07227 -1.25084 1 1 8.293823583571968e-05
201 -57.71198 48.30064 -2.07983 -1.25221 1 1 0.0002674644874179456
202 -57.87667 48.77556 -2.08982 -1.25359 1 1 0.0005904810602656798
203 -58.04115 49.25058 -2.10190 -1.25497 1 1 0.0009232070350362517
204 -58.20533 49.72572 -2.11570 -1.25635 1 1 0.001258333679672799
205 -58.36914 50.20101 -2.13088 -1.25773 1 1 0.0015798655325052382
206 -58.53250 50.67647 -2.14709 -1.25911 1 1 0.0019323342120081168
207 -58.69532 51.15212 -2.16396 -1.26049 1 1 0.005045966127958974
208 -58.85753 51.62801 -2.18114 -1.26187 1 1 0.0021480637080465354
209 -58.92606 51.82974 -2.18843 -1.26245 1 1 0.0005262411966921112
210 -59.24731 52.77692 -2.22192 -1.26245 1 1 0.00041040558746221394
211 -59.56762 53.72439 -2.25183 -1.26245 1 1 0.0013258627181077902
212 -59.88635 54.67238 -2.27531 -1.26245 1 1 0.00199541556624733
213 -60.20285 55.62107 -2.28955 -1.26245 1 1 0.002695926423297381
214 -60.51650 56.57067 -2.29170 -1.26245 1 1 0.00417713085183999
215 -46.17319 26.42724 -2.35183 1.95696 1 0 0
216 -46.33974 26.89715 -2.34191 1.95559 1 0 0
217 -46.50603 27.36711 -2.33008 1.95421 1 0 0
218 -46.67224 27.83703 -2.31656 1.95283 1 1 0.0014721769617844003
219 -46.83858 28.30684 -2.30158 1.95145 1 1 0.002309397662531595
220 -47.00524 28.77646 -2.28540 1.95007 1 1 0.0031642797742382294
221 -47.17242 29.24582 -2.26823 1.94869 1 1 0.003999008293794743
222 -47.34031 29.71485 -2.25032 1.94731 1 1 0.004862869899519214
223 -47.50911 30.18347 -2.23190 1.94593 1 1 0.005706116735469088
224 -47.67902 30.65160 -2.21321 1.94455 1 1 0.006555258607533917
225 -47.85023 31.11920 -2.19448 1.94317 1 1 0.007409471311596637
226 -48.02296 31.58617 -2.17595 1.94179 1 1 0.008253751822599185
227 -48.19738 32.05246 -2.15786 1.94041 1 1 0.009105262367124094
228 -48.37371 32.51800 -2.14043 1.93904 1 1 0.0054273330012783935
229 -48.55162 32.98292 -2.12391 1.93765 1 1 -0.023427303237401588
230 -48.72761 33.44857 -2.10853 1.93628 1 1 -0.01260959014071644
231 -48.90118 33.91515 -2.09452 1.93489 1 1 -0.008516851372726378
232 -49.07255 34.38254 -2.08213 1.93352 1 1 -0.0075349235274875925
233 -49.24193 34.85067 -2.07158 1.93214 1 1 -0.0065918927586332676
234 -49.40957 35.31943 -2.06312 1.93076 1 1 -0.005592971030594468
235 -49.57566 35.78875 -2.05683 1.92938 1 1 -0.004653215246311249
236 -49.74045 36.25853 -2.05246 1.92800 1 1 -0.0036616654455991697
237 -49.90415 36.72868 -2.04983 1.92662 1 1 -0.002711792303311346
238 -50.06699 37.19913 -2.04876 1.92524 1 1 -0.0017244614548389985
239 -50.22919 37.66978 -2.04908 1.92386 1 1 -0.0007747696203565818
240 -50.39097 38.14054 -2.05061 1.92248 1 1 -0.0002001011999180525
241 -50.55257 38.61135 -2.05317 1.92110 1 1 0.0011742586892331004
242 -50.71420 39.08211 -2.05658 1.91972 1 1 0.002145617110905891
243 -50.87610 39.55276 -2.06067 1.91834 1 1 0.003097472443046167
244 -51.03849 40.02320 -2.06526 1.91696 1 1 0.004089603498926455
245 -51.20161 40.49336 -2.07016 1.91559 1 1 0.005046978390456401
246 -51.36566 40.96317 -2.07521 1.91421 1 1 0.006026211037540398
247 -51.53090 41.43254 -2.08022 1.91283 1 1 0.006976807286335081
248 -51.69753 41.90142 -2.08502 1.91145 1 1 0.00796806229875673
249 -51.86580 42.36972 -2.08943 1.91007 1 1 0.008925387974660469
250 -52.03593 42.83738 -2.09327 1.90869 1 1 0.0009122087670487838
251 -52.20689 43.30476 -2.09637 1.90731 1 1 -0.008773711731413893
252 -52.37724 43.77237 -2.09854 1.90593 1 1 -0.003185130100005956
253 -52.54692 44.24024 -2.09961 1.90455 1 1 -0.0034536973988784753
254 -52.71586 44.70838 -2.09940 1.90317 1 1 -0.0037381514640259764
255 -52.88399 45.17682 -2.09774 1.90179 1 1 -0.003994647286352353
256 -53.05126 45.64558 -2.09444 1.90041 1 1 -0.004297877500627388
257 -53.21760 46.11467 -2.08933 1.89903 1 1 -0.004542774921158696
258 -53.38293 46.58412 -2.08223 1.89765 1 1 -0.004836275587087388
259 -53.54720 47.05395 -2.07350 1.89628 1 1 -0.005100095892829657
260 -53.71035 47.52417 -2.06777 1.89489 1 1 -0.005389714468200295
261 -53.87229 47.99480 -2.06589 1.89351 1 1 -0.005655158938884538
262 -54.03298 48.46587 -2.06751 1.89214 1 1 -0.005920495107343459
263 -54.19234 48.93739 -2.07227 1.89076 1 1 -0.006215449223515237
264 -54.35031 49.40937 -2.07983 1.88938 1 1 -0.006479704388254427
265 -54.50681 49.88184 -2.08982 1.88800 1 1 -0.006755554879071967
266 -54.66180 50.35482 -2.10190 1.88662 1 1 -0.007027674391539613
267 -54.81519 50.82831 -2.11570 1.88524 1 1 -0.007306033601547776
268 -54.96692 51.30233 -2.13088 1.88386 1 1 -0.007587462027760439
269 -55.11693 51.77691 -2.14709 1.88248 1 1 -0.007850378307482904
270 -55.26515 52.25206 -2.16396 1.88110 1 1 -0.00812695806615605
271 -55.41152 52.72778 -2.18114 1.87972 1 1 -0.0019652692040720973
272 -55.47296 52.92955 -2.18843 1.87914 1 1 -0.007708988711761433
273 -55.76089 53.88734 -2.22192 1.87914 1 1 0.054469133598964964
274 -56.07386 54.83716 -2.25183 1.87914 1 1 0.0580577159463739
275 -56.41958 55.77654 -2.27531 1.87914 1 1 0.012584037645295903
276 -56.76821 56.71500 -2.28955 1.87914 1 1 -0.044458827228459355
277 -57.08993 57.66203 -2.29170 1.87914 1 1 -0.10677934207977238
278 -27.05475 72.54601 -1.88753 2.01924 1 1 -0.022460132696543105
279 -27.04705 72.53000 -1.88738 2.01924 1 1 0.058377524669016585
280 -26.82846 72.07039 -1.88495 2.01443 1 1 0.017221294117690356
281 -26.61380 71.60894 -1.88586 2.00962 1 1 0.01681816889495795
282 -26.40301 71.14571 -1.88963 2.00481 1 1 0.016380432638582926
283 -26.19598 70.68080 -1.89578 2.00000 1 1 0.01597604791486557
284 -25.99265 70.21428 -1.90385 1.99519 1 1 0.0155356979200034
285 -25.79292 69.74622 -1.91335 1.99038 1 1 0.015129969794050069
286 -25.59670 69.27669 -1.92382 1.98557 1 1 0.014689838282946219
287 -25.40391 68.80578 -1.93478 1.98076 1 1 0.014291784095583949
288 -25.21446 68.33356 -1.94576 1.97595 1 1 0.013859075932794522
289 -25.02826 67.86008 -1.95628 1.97114 1 1 0.013428299099404892
290 -24.84520 67.38543 -1.96586 1.96633 1 1 0.013026373752858865
291 -24.66521 66.90965 -1.97404 1.96153 1 1 0.012602806440779522
292 -24.48820 66.43283 -1.98035 1.95671 1 1 0.01216166752274407
293 -24.31405 65.95501 -1.98429 1.95191 1 1 0.011771801012706088
294 -24.14268 65.47626 -1.98541 1.94710 1 1 0.011329566242817713
295 -23.97400 64.99664 -1.98323 1.94229 1 1 0.010912042104072522
296 -23.80790 64.51620 -1.97888 1.93748 1 1 0.010500723821508106
297 -23.64428 64.03499 -1.97454 1.93267 1 1 0.010060855208580818
298 -23.48306 63.55308 -1.97024 1.92786 1 1 0.009660274864979074
299 -23.32412 63.07050 -1.96598 1.92305 1 1 0.009216952580495484
300 -23.16738 62.58730 -1.96176 1.91824 1 1 0.0088143069755006
301 -23.01272 62.10353 -1.95757 1.91343 1 1 0.008374370802783132
302 -22.86004 61.61924 -1.95342 1.90862 1 1 0.00796077322947998
303 -22.70925 61.13447 -1.94931 1.90381 1 1 0.010392083274549869
304 -22.56023 60.64925 -1.94523 1.89900 1 1 0.011703850401753126
305 -22.44596 60.27310 -1.94210 1.89528 1 1 0.009504299474686421
306 -22.30132 59.79657 -1.93809 1.89678 1 1 -0.006255699072846076
307 -22.15509 59.32054 -1.93412 1.89828 1 1 -0.006711761328482368
308 -22.00717 58.84503 -1.93019 1.89977 1 1 -0.007163958582969448
309 -21.85746 58.37009 -1.92630 1.90127 1 1 -0.007585893571824043
310 -21.70585 57.89578 -1.92244 1.90277 1 1 -0.008043844364078715
311 -21.55224 57.42211 -1.91862 1.90427 1 1 -0.00847635298658077
312 -21.39653 56.94915 -1.91483 1.90577 1 1 -0.00891671784381258
313 -21.23863 56.47692 -1.91109 1.90727 1 1 -0.009371259913998889
314 -21.07842 56.00549 -1.90738 1.90877 1 1 -0.009799133298185577
315 -20.91582 55.53488 -1.90371 1.91026 1 1 -0.010252612323357365
316 -20.75071 55.06515 -1.90008 1.91176 1 1 -0.010679462251204646
317 -20.58300 54.59635 -1.89648 1.91326 1 1 -0.011146609985838416
318 -20.41259 54.12851 -1.89292 1.91476 1 1 -0.011563114817084434
319 -20.23939 53.66169 -1.88940 1.91625 1 1 -0.012015246680458783
320 -20.06328 53.19594 -1.88592 1.91775 1 1 -0.013184860354236905
321 -19.88417 52.73129 -1.88247 1.91925 1 1 -0.024322717458371695
322 -19.70214 52.26775 -1.87907 1.92075 1 1 -0.004916317039909523
323 -19.51991 51.80432 -1.87577 1.92225 1 1 0.0034144023655672453
324 -19.33842 51.34065 -1.87284 1.92375 1 1 0.0031253066801339886
325 -19.15760 50.87676 -1.87028 1.92525 1 1 0.0028469872791524083
326 -18.97739 50.41268 -1.86811 1.92674 1 1 0.0025402074788596434
327 -18.79770 49.94842 -1.86631 1.92824 1 1 0.0022666091291299643
328 -18.61848 49.48400 -1.86489 1.92974 1 1 0.001969316478236205
329 -18.43966 49.01946 -1.86385 1.93124 1 1 0.0021093259704383993
330 -18.26116 48.55480 -1.86319 1.93274 1 1 0.0010450247008188306
331 -18.11775 48.18093 -1.86293 1.93394 1 1 0.0017137105780439333
332 -17.76151 47.24653 -1.86335 1.93394 1 1 0.004029409371878868
333 -17.40832 46.31098 -1.86529 1.93394 1 1 0.00297647100442438
334 -17.05765 45.37447 -1.86874 1.93394 1 1 0.0023986028269959146
335 -16.70895 44.43721 -1.87370 1.93394 1 1 0.0018270720284456993
336 -16.36169 43.49940 -1.88018 1.93394 1 1 0.0012485540169445586
337 -16.01533 42.56125 -1.88817 1.93394 1 1 0.0006714393077722967
338 -15.66932 41.62297 -1.89768 1.93394 1 1 -9.635552688216808e-05
339 -15.32314 40.68475 -1.90870 1.93394 1 0 0
340 -14.97623 39.74681 -1.92124 1.93394 1 0 0
341 -14.62807 38.80934 -1.93529 1.93394 2 0 0
342 -29.92144 71.16676 -1.88753 -1.12236 1 1 -0.48921824063196845
343 -29.91373 71.15074 -1.88738 -1.12236 1 1 -0.4190714026629156
344 -29.70137 70.70512 -1.88495 -1.12716 1 1 -0.035636299963038236
345 -29.49219 70.25799 -1.88586 -1.13198 1 1 -0.013756527970937548
346 -29.28614 69.80943 -1.88963 -1.13678 1 1 -0.013359411831058338
347 -29.08313 69.35948 -1.89578 -1.14159 1 1 -0.013032133982060453
348 -28.88311 68.90822 -1.90385 -1.14640 1 1 -0.012638152037041793
349 -28.68599 68.45569 -1.91335 -1.15121 1 1 -0.0122845065126646
350 -28.49172 68.00196 -1.92382 -1.15602 1 1 -0.011935768473636513
351 -28.30020 67.54708 -1.93478 -1.16083 1 1 -0.011548948142228578
352 -28.11138 67.09111 -1.94576 -1.16564 1 1 -0.011206731047310426
353 -27.92518 66.63410 -1.95628 -1.17045 1 1 -0.010829948353537873
354 -27.74151 66.17609 -1.96586 -1.17526 1 1 -0.010470263506102615
355 -27.56031 65.71714 -1.97404 -1.18007 1 1 -0.010113842008405238
356 -27.38150 65.25730 -1.98035 -1.18488 1 1 -0.009730452458818057
357 -27.20500 64.79661 -1.98429 -1.18969 1 1 -0.009394310445775239
358 -27.03073 64.33511 -1.98541 -1.19450 1 1 -0.009005386938478702
359 -26.85861 63.87286 -1.98323 -1.19931 1 1 -0.008655439994715665
360 -26.68856 63.40988 -1.97888 -1.20411 1 1 -0.00829009254572475
361 -26.52051 62.94622 -1.97454 -1.20892 1 1 -0.007925047442916045
362 -26.35437 62.48192 -1.97024 -1.21373 1 1 -0.007553270720989015
363 -26.19006 62.01702 -1.96598 -1.21854 1 1 -0.007203987169516515
364 -26.02750 61.55155 -1.96176 -1.22335 1 1 -0.006816747827139753
365 -25.86660 61.08554 -1.95757 -1.22816 1 1 -0.006474599167700737
366 -25.70729 60.61902 -1.95342 -1.23297 1 1 -0.00610396053465646
367 -25.54948 60.15203 -1.94931 -1.23778 1 1 -0.0057211420144537535
368 -25.39307 59.68460 -1.94523 -1.24259 1 1 -0.003605447990193922
369 -25.27284 59.32222 -1.94210 -1.24631 1 1 0.009902079070009723
370 -25.11427 58.84568 -1.93809 -1.24482 1 1 0.014550274982705821
371 -24.95392 58.36975 -1.93412 -1.24332 1 1 0.008194593925875517
372 -24.79169 57.89444 -1.93019 -1.24182 1 1 0.008528494180425516
373 -24.62751 57.41981 -1.92630 -1.24032 1 1 0.008897418945914167
374 -24.46130 56.94588 -1.92244 -1.23882 1 1 0.00923746480041285
375 -24.29297 56.47270 -1.91862 -1.23732 1 1 0.00958409526959996
376 -24.12244 56.00029 -1.91483 -1.23582 1 1 0.00994665598672
377 -23.94964 55.52870 -1.91109 -1.23433 1 1 0.010296879135670721
378 -23.77447 55.05796 -1.90738 -1.23283 1 1 0.010639039859991059
379 -23.59687 54.58811 -1.90371 -1.23133 1 1 0.010998993822478632
380 -23.41675 54.11919 -1.90008 -1.22983 1 1 0.01133730092952448
381 -23.23403 53.65123 -1.89648 -1.22833 1 1 0.011704649453454575
382 -23.04863 53.18429 -1.89292 -1.22683 1 1 0.0120397058834122
383 -22.86047 52.71839 -1.88940 -1.22534 1 1 0.012387286204028989
384 -22.66946 52.25358 -1.88592 -1.22384 1 1 -0.2034704098247928
385 -22.50117 51.78059 -1.88247 -1.22234 1 1 -0.07227638831440772
386 -22.33566 51.30658 -1.87907 -1.22084 1 1 0.025199813686382858
387 -22.16854 50.83313 -1.87577 -1.21934 1 1 0.006373089143423822
388 -21.99987 50.36023 -1.87284 -1.21785 1 1 0.006201597511573263
389 -21.82968 49.88788 -1.87028 -1.21635 1 1 0.006004013977660515
390 -21.65803 49.41606 -1.86811 -1.21485 1 1 0.005847505395829138
391 -21.48495 48.94476 -1.86631 -1.21335 1 1 0.005658471643593691
392 -21.31050 48.47396 -1.86489 -1.21185 1 1 0.005485718614555427
393 -21.13470 48.00367 -1.86385 -1.21035 1 1 0.005289802921353874
394 -20.95761 47.53386 -1.86319 -1.20885 1 1 0.003788101758823432
395 -20.81424 47.15626 -1.86293 -1.20765 1 1 0.0001905645824857311
396 -20.45732 46.22212 -1.86335 -1.20765 1 1 0.0008702638085444955
397 -20.09869 45.28864 -1.86529 -1.20765 1 1 0.0012909307654117926
398 -19.73868 44.35567 -1.86874 -1.20765 1 1 0.0009331169476321535
399 -19.37763 43.42311 -1.87370 -1.20765 1 1 0.0005712358892948756
400 -19.01588 42.49081 -1.88018 -1.20765 1 1 0.00021338694320866298
401 -18.65376 41.55864 -1.88817 -1.20765 1 1 0.0001501768703817861
402 -18.29162 40.62649 -1.89768 -1.20765 1 1 -0.0005060228808612142
403 -17.92978 39.69423 -1.90870 -1.20765 1 1 -0.0008701708760562251
404 -17.56858 38.76172 -1.92124 -1.20765 2 1 -0.0012602217345838392
405 -17.20836 37.82883 -1.93529 -1.20765 2 0 0
406 -8.51162 23.01737 -1.90201 1.91495 2 1 0.0021823063583394637
407 -8.33300 22.54850 -1.89925 1.91395 1 1 0.0023304109710778394
408 -8.15496 22.07941 -1.89730 1.91295 1 1 0.0024347915826434356
409 -7.97751 21.61008 -1.89618 1.91195 1 1 0.0025583785111623005
410 -7.80070 21.14050 -1.89587 1.91095 1 1 0.0026819018499654843
411 -7.62454 20.67067 -1.89638 1.90995 1 1 0.00715109295085458
412 -7.44907 20.20058 -1.89771 1.90895 1 1 0.005766694376960079
413 -7.43975 20.17556 -1.89780 1.90889 1 1 0.00391587465985924
414 -7.09126 19.23808 -1.90300 1.90889 1 1 0.0011904419691189478
415 -6.74400 18.30016 -1.91147 1.90889 1 1 0.0014252523572782427
416 -6.39820 17.36173 -1.92322 1.90889 1 1 0.0016794038244437076
417 -6.05411 16.42271 -1.93824 1.90889 1 1 0.0019152923195677198
418 -5.71193 15.48301 -1.95653 1.90889 1 1 0.00216078727274859
419 -5.37191 14.54255 -1.97810 1.90889 1 1 0.002405765116847554
420 -5.03428 13.60125 -2.00180 1.90889 1 1 0.0038227013648079165
421 -4.69926 12.65903 -2.02555 1.90889 1 0 0
422 -11.58647 21.91530 -1.90201 -1.22665 1 0 0
423 -11.36340 21.46579 -1.89925 -1.22765 1 0 0
424 -11.13107 21.01944 -1.89730 -1.22864 1 0 0
425 -10.89780 20.57328 -1.89618 -1.22965 1 1 -0.07249281744867864
426 -10.67275 20.12407 -1.89587 -1.23065 1 1 -0.03076314195021869
427 -10.45547 19.67198 -1.89638 -1.23165 1 1 -0.028889767729868756
428 -10.24549 19.21720 -1.89771 -1.23265 1 1 -0.10019533135174312
429 -10.23451 19.19293 -1.89780 -1.23270 1 1 -0.09240179654142576
430 -9.83359 18.27388 -1.90300 -1.23270 1 1 -0.021798958721791457
431 -9.45448 17.34717 -1.91147 -1.23270 1 1 -0.01719945911974141
432 -9.09344 16.41409 -1.92322 -1.23270 1 1 -0.013258421098273852
433 -8.74677 15.47597 -1.93824 -1.23270 1 1 -0.009300028802908773
434 -8.41073 14.53412 -1.95653 -1.23270 1 1 -0.005347607289081038
435 -8.08159 13.58983 -1.97810 -1.23270 1 1 -0.0013932633237035295
436 -7.75563 12.64443 -2.00180 -1.23270 1 1 0.002820901690873547
437 -7.42912 11.69922 -2.02555 -1.23270 0 0 0
438 -60.78815 57.40270 -2.28144 -1.26245 1 1 0.01227163105517228
439 -60.97354 57.97613 -2.27000 -1.31260 1 1 -0.020447644792462843
440 -61.16114 58.55245 -2.25487 -1.36275 1 1 0.0038330442739628796
441 -61.34573 59.13580 -2.23641 -1.41290 1 1 0.012874738298715684
442 -61.52153 59.72924 -2.21497 -1.46305 1 1 0.029013591007957435
443 -61.68234 60.33469 -2.19089 -1.51320 1 1 0.04428733728276469
444 -61.82171 60.95289 -2.16452 -1.56335 1 1 0.05867595249753702
445 -61.93304 61.58343 -2.13622 -1.61350 1 1 0.07231139205763747
446 -62.00977 62.22465 -2.10633 -1.66365 1 1 0.08539708120533375
447 -62.04550 62.87372 -2.07521 -1.71380 1 1 0.09816412046186178
448 -62.03415 63.52665 -2.04319 -1.76395 1 1 0.1108416180310869
449 -61.97007 64.17830 -2.01064 -1.81410 1 1 0.1235815889786611
450 -61.84825 64.82242 -1.97790 -1.86425 1 1 0.1364920728958656
451 -61.66438 65.45175 -1.94532 -1.91440 1 1 0.11919255496931125
452 -61.41501 66.05810 -1.91325 -1.96455 1 1 0.1680138494993652
453 -61.08588 66.62679 -1.88204 -2.01470 1 1 0.2859186868830542
454 -60.66717 67.14118 -1.85204 -2.06485 1 1 0.23840544344199113
455 -60.18248 67.60104 -1.82360 -2.11500 1 1 0.19367068315719946
456 -59.65488 68.01052 -1.79707 -2.16515 1 1 0.15351285885057223
457 -59.10569 68.37771 -1.77279 -2.21530 1 1 0.11404006806733917
458 -58.55405 68.71437 -1.75112 -2.26544 1 1 0.02750079415632748
459 -58.01649 69.03559 -1.73241 -2.31559 1 1 0.02578961258134761
460 -57.49404 69.34681 -1.71700 -2.36574 1 1 0.031993384939161575
461 -56.97642 69.64175 -1.70525 -2.41589 1 1 0.033310035767996286
462 -56.46218 69.92122 -1.69530 -2.46604 1 1 0.03511968973075675
463 -55.94992 70.18569 -1.68455 -2.51619 1 1 0.037475793878397036
464 -55.43826 70.43535 -1.67341 -2.56634 1 1 0.04033960184991321
465 -54.92594 70.67009 -1.66230 -2.61649 1 1 0.04364788373583882
466 -54.41181 70.88953 -1.65163 -2.66664 1 1 0.04734175297192468
467 -53.89487 71.09305 -1.64183 -2.71679 1 1 0.10505968707507217
468 -53.37431 71.27980 -1.63332 -2.76694 1 1 0.07904060337124522
469 -53.12879 71.36130 -1.62990 -2.79046 1 1 -0.025450385826122798
470 -52.18062 71.68019 -1.62053 -2.79046 1 1 -0.04426574208074236
471 -51.24069 72.02157 -1.62217 -2.79046 1 1 -0.018203053360030898
472 -50.30504 72.37464 -1.63819 -2.79046 1 1 -0.006704040292330804
473 -49.36973 72.72861 -1.67194 -2.79046 1 1 0.004793835609395329
474 -48.43079 73.07269 -1.72450 -2.79046 1 1 0.04152761985517996
475 -47.48427 73.39610 -1.78055 -2.79046 1 1 0.02283547480565299
476 -46.53492 73.71174 -1.83636 -2.79046 1 1 -0.02463909347165084
477 -45.59011 74.03982 -1.88192 -2.79046 1 1 -0.012892161881033926
478 -44.64962 74.37967 -1.91317 -2.79046 1 1 -0.012201189073482123
479 -43.71321 74.73065 -1.93193 -2.79046 1 1 -0.01150391878145943
480 -42.78064 75.09210 -1.94001 -2.79046 1 1 -0.010812565805651013
481 -41.85166 75.46339 -1.93922 -2.79046 1 1 -0.010105939232207223
482 -40.92605 75.84386 -1.93138 -2.79046 1 1 -0.00940855719660383
483 -40.00357 76.23286 -1.91830 -2.79046 1 1 -0.008552395535460527
484 -39.08397 76.62975 -1.90179 -2.79046 1 1 -0.14561228745270854
485 -38.80810 76.75048 -1.89643 -2.79046 1 1 0.030061000811482122
486 -38.27231 76.96136 -1.88732 -2.85475 1 1 0.10556754964029583
487 -37.72247 77.13965 -1.87818 -2.91905 1 1 0.10543999019584123
488 -37.16043 77.28433 -1.86922 -2.98335 1 1 0.13853264338400345
489 -36.58813 77.39449 -1.86067 -3.04764 1 1 0.18328815504950835
490 -36.00792 77.48078 -1.85277 -3.11194 1 1 -0.06945053009709967
491 -35.41833 77.58175 -1.84573 3.10695 1 1 -0.048954319724447595
492 -34.81264 77.68696 -1.83978 3.04266 1 1 0.0030672458225982344
493 -34.18750 77.78021 -1.83524 2.97836 1 1 0.037107014996261845
494 -33.54339 77.84511 -1.83322 2.91406 1 1 0.07226531979350721
495 -32.88461 77.86569 -1.83372 2.84977 1 1 0.10413329411578057
496 -32.21919 77.82701 -1.83633 2.78547 1 1 0.13454942263097475
497 -31.55867 77.71574 -1.84065 2.72117 1 1 0.16499353697180622
498 -30.91788 77.52067 -1.84629 2.65688 1 1 0.2142802795908339
499 -30.31458 77.23329 -1.85285 2.59258 1 1 0.2664969684868265
500 -29.76428 76.85506 -1.85992 2.52829 1 1 0.24231010277366433
501 -29.27162 76.40366 -1.86710 2.46399 1 1 0.21115821444505284
502 -28.83659 75.89754 -1.87401 2.39970 1 1 0.18189520781476493
503 -28.45562 75.35366 -1.88023 2.33540 1 1 0.15359283138697427
504 -28.12190 74.78702 -1.88538 2.27110 1 1 0.12472727072428699
505 -27.82581 74.21017 -1.88904 2.20681 1 1 0.09342610151439315
506 -27.55527 73.63284 -1.89082 2.14251 1 1 0.05832607407268121
507 -27.29627 73.06157 -1.89033 2.07821 1 1 -0.05100588989143789
508 -57.32597 58.50540 -2.28144 1.87914 1 1 0.046889233955331094
509 -57.43733 58.90999 -2.27000 1.82899 1 1 -0.2084262781346834
510 -57.53127 59.31871 -2.25487 1.77884 1 1 -0.10161388694191206
511 -57.60768 59.73097 -2.23641 1.72869 1 1 -0.10161218605267917
512 -57.66647 60.14621 -2.21497 1.67854 1 1 -0.10160469258198915
513 -57.70756 60.56386 -2.19089 1.62839 1 1 -0.10156624071571567
514 -57.73088 60.98335 -2.16452 1.57824 1 1 -0.10153711587640937
515 -57.73634 61.40410 -2.13622 1.52809 1 1 -0.10142250450074923
516 -57.72389 61.82554 -2.10633 1.47794 1 1 -0.1013629699801374
517 -57.69344 62.24708 -2.07521 1.42779 1 1 -0.10122743662987367
518 -57.64496 62.66816 -2.04319 1.37764 1 1 -0.10108513978308524
519 -57.57836 63.08818 -2.01064 1.32749 1 1 -0.1009279312801899
520 -57.49362 63.50655 -1.97790 1.27734 1 1 -0.10073385502138324
521 -57.39068 63.92265 -1.94532 1.22719 1 1 -0.10054989973862176
522 -57.26951 64.33587 -1.91325 1.17704 1 1 -0.10029414926649172
523 -57.13007 64.74558 -1.88204 1.12690 1 1 -0.10005648515199264
524 -56.97236 65.15115 -1.85204 1.07675 1 1 -0.09975795634348299
525 -56.79635 65.55191 -1.82360 1.02660 1 1 -0.09948502184535897
526 -56.60206 65.94720 -1.79707 0.97645 1 1 -0.09914064714603935
527 -56.38950 66.33634 -1.77279 0.92630 1 1 -0.09878884870178893
528 -56.15870 66.71861 -1.75112 0.87615 1 1 -0.09842313180762124
529 -55.90972 67.09330 -1.73241 0.82600 1 1 -0.24211771337254143
530 -55.63226 67.44912 -1.71700 0.77585 1 1 -0.10500951423603835
531 -55.33233 67.78864 -1.70525 0.72570 1 1 -0.13276747287791812
532 -55.01127 68.11059 -1.69530 0.67555 1 1 -0.13259856095762937
533 -54.67034 68.41365 -1.68455 0.62540 1 1 -0.13141574469716338
534 -54.31085 68.69660 -1.67341 0.57525 1 1 -0.13036487858233833
535 -53.93422 68.95834 -1.66230 0.52510 1 1 -0.12935753323451177
536 -53.54191 69.19782 -1.65163 0.47495 1 1 -0.1284656051797873
537 -53.13544 69.41417 -1.64183 0.42480 1 1 -0.12759767098067012
538 -52.71635 69.60656 -1.63332 0.37465 1 1 -0.01464302735670924
539 -52.51595 69.68833 -1.62990 0.35114 1 1 -0.09905198893494695
540 -51.58159 70.04491 -1.62053 0.35114 1 1 -0.008775798953201063
541 -50.64229 70.38802 -1.62217 0.35114 1 1 -0.013465519990478325
542 -49.69814 70.71787 -1.63819 0.35114 1 1 -0.017079571217773565
543 -48.74884 71.03367 -1.67194 0.35114 1 1 -0.011384346963179255
544 -47.79525 71.33775 -1.72450 0.35114 1 1 -0.008134299913460851
545 -46.83835 71.63281 -1.78055 0.35114 1 1 -0.005265315518864976
546 -45.87914 71.92155 -1.83636 0.35114 1 1 -0.0024154080889723186
547 -44.91860 72.20667 -1.88192 0.35114 1 1 -0.00044615648609081995
548 -43.95772 72.49085 -1.91317 0.35114 1 1 0.0032863692327405655
549 -42.99748 72.77679 -1.93193 0.35114 1 1 0.006148757407135611
550 -42.03888 73.06719 -1.94001 0.35114 1 1 0.009011215855119274
551 -41.08289 73.36474 -1.93922 0.35114 1 1 0.014243953139657815
552 -40.13052 73.67214 -1.93138 0.35114 1 1 0.009398765603800818
553 -39.18111 73.98765 -1.91830 0.35114 1 1 0.0019842727100742473
554 -38.23285 74.30630 -1.90179 0.35114 1 1 0.0013308633627465314
555 -37.94808 74.40273 -1.89643 0.35114 1 1 -0.1678209250806394
556 -37.55252 74.52116 -1.88732 0.28684 1 1 -0.2587139668655654
557 -37.15109 74.61467 -1.87818 0.22254 1 1 -0.1501299535183506
558 -36.74531 74.68303 -1.86922 0.15825 1 1 -0.15017934236141323
559 -36.33669 74.72611 -1.86067 0.09395 1 1 -0.15022210946021786
560 -35.92673 74.74385 -1.85277 0.02966 1 1 -0.15025975698644242
561 -35.51694 74.73628 -1.84573 -0.03464 1 1 -0.1502397243187605
562 -35.10878 74.70354 -1.83978 -0.09894 1 1 -0.15023684169161636
563 -34.70374 74.64580 -1.83524 -0.16323 1 1 -0.15020479960804947
564 -34.30324 74.56335 -1.83322 -0.22753 1 1 -0.1501058720409852
565 -33.90873 74.45654 -1.83372 -0.29182 1 1 -0.15003859293237515
566 -33.52157 74.32580 -1.83633 -0.35612 1 1 -0.1499276250513916
567 -33.14315 74.17163 -1.84065 -0.42042 1 1 -0.1497759446201749
568 -32.77477 73.99459 -1.84629 -0.48471 1 1 -0.14962149676608
569 -32.41773 73.79533 -1.85285 -0.54901 1 1 -0.14941792187712588
570 -32.07327 73.57454 -1.85992 -0.61330 1 1 -0.14923521467121273
571 -31.74260 73.33298 -1.86710 -0.67760 1 1 -0.14896312897571592
572 -31.42689 73.07148 -1.87401 -0.74190 1 1 -0.14869511117196615
573 -31.12723 72.79091 -1.88023 -0.80619 1 1 -0.14842700887204868
574 -30.84470 72.49221 -1.88538 -0.87049 1 1 -0.1481006745344924
575 -30.58031 72.17635 -1.88904 -0.93479 1 1 -0.14772639333878154
576 -30.33502 71.84437 -1.89082 -0.99908 1 1 -0.1473830923760031
577 -30.10974 71.49735 -1.89033 -1.06338 1 1 -0.1338752176114191
578 -17.51860 24.10418 -2.07466 0.46866 2 1 0.12048962420843345
579 -18.01543 23.89376 -2.08478 0.44601 1 1 0.06726030431020798
580 -18.51734 23.69730 -2.09503 0.42336 1 1 0.03434731879103321
581 -19.02206 23.51063 -2.10541 0.40072 1 1 0.03515871130565596
582 -19.52955 23.33397 -2.11589 0.37807 1 1 0.035957506241403946
583 -20.03971 23.16755 -2.12646 0.35543 1 1 0.09325844762908554
584 -20.55247 23.01161 -2.13710 0.33278 1 1 0.07071521083723775
585 -20.55756 23.01011 -2.13721 0.33256 1 1 0.0010544426521971505
586 -21.46029 22.74715 -2.15732 0.33256 1 1 -0.00874794250536019
587 -21.94269 22.60568 -2.16806 0.33110 1 1 4.8631295960538624e-05
588 -22.42509 22.46443 -2.17881 0.32965 1 1 0.0008496268747579737
589 -22.90757 22.32362 -2.18954 0.32819 1 1 0.001758307164841622
590 -23.39020 22.18347 -2.20023 0.32674 1 1 0.002654660439136907
591 -23.87306 22.04418 -2.21088 0.32528 1 1 0.0049397283611845475
592 -24.35622 21.90599 -2.22146 0.32383 1 1 0.01158637510752674
593 -24.83963 21.76877 -2.23195 0.32237 1 1 -0.0025601280615518843
594 -25.32269 21.63071 -2.24234 0.32091 1 1 -0.00496802584110502
595 -25.80533 21.49155 -2.25261 0.31946 1 1 -0.004635502868359662
596 -26.28756 21.35137 -2.26274 0.31800 1 1 -0.004329489391130048
597 -26.76944 21.21024 -2.27272 0.31655 1 1 -0.004009866422738039
598 -27.25098 21.06825 -2.28253 0.31509 1 1 -0.00367578272308746
599 -27.73222 20.92545 -2.29214 0.31364 1 1 -0.00337333924143514
600 -28.21319 20.78195 -2.30155 0.31218 1 1 -0.0030295600206596066
601 -28.69392 20.63780 -2.31073 0.31072 1 1 -0.002859611622327212
602 -29.17444 20.49308 -2.31967 0.30927 1 1 -0.0006372482033540936
603 -29.63984 20.35239 -2.32809 0.30786 1 1 -0.002966178419755278
604 -30.59636 20.06048 -2.34462 0.30786 1 1 -0.004915152537743915
605 -31.55166 19.76473 -2.35936 0.30786 1 1 -0.0021154555985610233
606 -32.43176 19.48909 -2.36723 0.30786 1 1 -0.0017025773709588821
607 -32.90549 19.33899 -2.36879 0.31046 1 1 -0.008049106010739448
608 -33.37864 19.18707 -2.36845 0.31306 1 1 -0.007722104808007669
609 -33.85124 19.03341 -2.36621 0.31566 1 1 -0.0074015985248509705
610 -34.32329 18.87809 -2.36208 0.31827 1 1 -0.00706722798464629
611 -34.79481 18.72119 -2.35604 0.32087 1 0 0
612 -35.26584 18.56280 -2.34811 0.32347 1 0 0
613 -35.66608 18.42696 -2.34004 0.32569 1 0 0
614 -36.61258 18.10424 -2.32084 0.32569 2 0 0
615 -18.99630 27.02295 -2.07466 -2.67294 1 0 0
616 -19.39253 26.77386 -2.08478 -2.69558 1 0 0
617 -19.79413 26.53076 -2.09503 -2.71823 1 0 0
618 -20.20158 26.29487 -2.10541 -2.74087 1 1 -0.0527397110284629
619 -20.61524 26.06746 -2.11589 -2.76352 1 1 -0.05802210712053331
620 -21.03536 25.84984 -2.12646 -2.78616 1 1 -0.0632566029425588
621 -21.46210 25.64335 -2.13710 -2.80881 1 1 -0.22038348964363205
622 -21.46636 25.64137 -2.13721 -2.80903 1 1 -0.18242332973880288
623 -22.32637 25.25470 -2.15732 -2.80903 1 1 -0.0162021400124249
624 -22.78531 25.05687 -2.16806 -2.81049 1 1 -0.04326436818895721
625 -23.24680 24.86617 -2.17881 -2.81195 1 1 -0.04021532659179369
626 -23.71121 24.68377 -2.18954 -2.81340 1 1 -0.04524722054078062
627 -24.17891 24.51086 -2.20023 -2.81486 1 1 -0.050221027810688115
628 -24.65025 24.34860 -2.21088 -2.81631 1 1 -0.05393092607334333
629 -25.12552 24.19803 -2.22146 -2.81777 1 1 -0.006318649084804369
630 -25.60247 24.05256 -2.23195 -2.81922 1 1 -0.01410161888016353
631 -26.07967 23.90800 -2.24234 -2.82068 1 1 -0.0018509650456192282
632 -26.55706 23.76411 -2.25261 -2.82213 1 1 -0.0009153603845405259
633 -27.03456 23.62067 -2.26274 -2.82359 1 1 -5.8980349910529934e-05
634 -27.51209 23.47745 -2.27272 -2.82505 1 1 0.0009870013684279096
635 -27.98958 23.33424 -2.28253 -2.82650 1 1 0.0019562479866505516
636 -28.46696 23.19079 -2.29214 -2.82796 1 1 0.0028973567784766232
637 -28.94416 23.04690 -2.30155 -2.82941 1 1 0.003869338326705665
638 -29.42112 22.90233 -2.31073 -2.83087 1 1 0.004798010577720873
639 -29.89776 22.75685 -2.31967 -2.83232 1 1 0.005626251455868717
640 -30.35922 22.61481 -2.32809 -2.83373 1 1 0.009814784997309107
641 -31.31321 22.31495 -2.34462 -2.83373 1 1 0.012038321608060282
642 -32.26402 22.00509 -2.35936 -2.83373 1 1 0.011752213310288534
643 -33.13759 21.70891 -2.36723 -2.83373 1 1 0.019541611982258223
644 -33.61233 21.54211 -2.36879 -2.83113 1 1 0.026465321662756613
645 -34.08545 21.37054 -2.36845 -2.82853 1 1 0.0053859409136324385
646 -34.55792 21.19724 -2.36621 -2.82593 1 1 -0.00900302664898253
647 -35.03036 21.02420 -2.36208 -2.82333 1 1 -0.0006123141194080079
648 -35.50274 20.85121 -2.35604 -2.82072 1 1 0.0013724922454993653
649 -35.97499 20.67810 -2.34811 -2.81812 1 1 0.0018976053308877685
650 -36.37652 20.53064 -2.34004 -2.81591 2 1 -0.0033412978914461777
651 -37.31580 20.18656 -2.32084 -2.81591 2 0 0
652 -54.13374 12.29911 -2.28228 0.36113 1 1 0.0889501331189451
653 -53.63322 12.49679 -2.28392 0.42589 1 1 0.08334315564567553
654 -52.70546 12.87225 -2.28783 0.42589 1 1 -0.049395569123690336
655 -51.77082 13.23255 -2.29231 0.42589 1 1 -0.03958772225754735
656 -51.74238 13.24342 -2.29245 0.42589 1 1 1.3901761725572774
657 -51.56070 13.32587 -2.29342 0.42589 1 1 0.11751577489721593
658 -51.04138 13.57887 -2.29586 0.47951 1 1 0.20246688536550214
659 -50.53656 13.85964 -2.29829 0.53314 1 1 0.09395951696154975
660 -50.04775 14.16733 -2.30072 0.58677 1 1 0.09387150497840598
661 -49.57636 14.50100 -2.30316 0.64040 1 1 0.09378400608109505
662 -49.12377 14.85963 -2.30559 0.69403 1 1 0.09370093956492795
663 -48.69129 15.24212 -2.30802 0.74766 1 1 0.09363544236808354
664 -48.28017 15.64733 -2.31046 0.80129 1 1 0.09355001513295554
665 -47.89158 16.07403 -2.31361 0.85491 1 1 0.09347200032535756
666 -47.52663 16.52095 -2.32034 0.90854 1 1 0.09340570387775826
667 -47.18634 16.98676 -2.33095 0.96217 1 1 0.09333847142617155
668 -46.87167 17.47007 -2.34347 1.01580 1 1 0.09326088943664146
669 -46.58349 17.96946 -2.35464 1.06942 1 1 0.09319824874891307
670 -46.32260 18.48347 -2.36437 1.12305 1 1 0.037452141540158586
671 -46.22570 18.69359 -2.36788 1.14458 1 1 0.026414270070284424
672 -46.00205 19.23658 -2.37561 1.20598 1 1 0.21306934013419346
673 -45.81216 19.79210 -2.38192 1.26738 1 1 0.10454721793317871
674 -45.65671 20.35805 -2.38679 1.32878 1 1 0.10449389026493668
675 -45.53621 20.93229 -2.39023 1.39019 1 1 0.1044514960155345
676 -45.45109 21.51266 -2.39224 1.45159 1 1 0.10437603014124525
677 -45.40160 22.09700 -2.39282 1.51299 1 1 0.10431919865804999
678 -45.38788 22.68314 -2.39197 1.57440 1 1 0.10426258023192826
679 -45.40994 23.26889 -2.38969 1.63580 1 1 0.10420137229458303
680 -45.46765 23.85210 -2.38598 1.69720 1 1 0.104132123397491
681 -45.56075 24.43061 -2.38084 1.75860 1 1 0.10407104406978873
682 -45.68886 25.00231 -2.37427 1.82000 1 1 0.10398896906755821
683 -45.85148 25.56510 -2.36627 1.88140 1 1 0.10393821625010237
684 -46.04797 26.11694 -2.35741 1.94281 1 1 0.14758296800983572
685 -46.09801 26.24243 -2.35536 1.95696 1 1 0.7686767050733384
686 -55.17531 15.05851 -2.28228 -2.78043 1 1 -0.1459909468405487
687 -55.07969 15.09467 -2.28265 -2.78043 1 1 -0.1526573665025303
688 -54.67180 15.25905 -2.28443 -2.74306 1 1 -0.09574040249554268
689 -54.27119 15.44027 -2.28624 -2.70568 1 1 -0.09512771980576921
690 -53.87856 15.63788 -2.28857 -2.66831 1 1 -0.09452401697549564
691 -53.49457 15.85137 -2.29158 -2.63094 1 1 -0.09392640169122218
692 -53.11984 16.08023 -2.29526 -2.59356 1 1 -0.09333637318993415
693 -52.75495 16.32394 -2.29962 -2.55619 1 1 -0.09278608614812267
694 -52.40046 16.58193 -2.30465 -2.51882 1 1 -0.09218621642579314
695 -52.05689 16.85365 -2.31035 -2.48144 1 1 -0.09167597582838823
696 -51.72472 17.13849 -2.31673 -2.44407 1 1 -0.09107006148364577
697 -51.40437 17.43588 -2.32378 -2.40670 1 1 -0.09056268967595679
698 -51.09627 17.74522 -2.33151 -2.36932 1 1 -0.08998396573886402
699 -50.80077 18.06587 -2.33992 -2.33195 1 1 -0.08945548096389806
700 -50.51821 18.39725 -2.34899 -2.29458 1 1 -0.08887871058792078
701 -50.24890 18.73873 -2.35875 -2.25720 1 1 -0.08835461729986176
702 -49.99309 19.08970 -2.36917 -2.21983 1 1 -0.19872758974646354
703 -49.75102 19.44954 -2.38028 -2.18246 1 1 -0.22423350191072106
704 -49.70602 19.51975 -2.38249 -2.17526 1 1 -0.2461642857659582
705 -49.51231 19.85102 -2.39440 -2.11059 1 1 -0.17012988298364548
706 -49.34076 20.19309 -2.40698 -2.04591 1 1 -0.16969754682391422
707 -49.19184 20.54446 -2.42024 -1.98123 1 1 -0.16919430840350166
708 -49.06590 20.90360 -2.43306 -1.91655 1 1 -0.16872099661861653
709 -48.96319 21.26902 -2.43882 -1.85187 1 1 -0.16818456724311467
710 -48.88387 21.63922 -2.43611 -1.78719 1 1 -0.1675888888878655
711 -48.82798 22.01275 -2.42745 -1.72252 1 1 -0.1669885318891681
712 -48.79548 22.38816 -2.41858 -1.65784 1 1 -0.16631950374674173
713 -48.78627 22.76405 -2.40970 -1.59316 1 1 -0.16562487498239242
714 -48.80014 23.13907 -2.40083 -1.52848 1 1 -0.16486618690350177
715 -48.83682 23.51190 -2.39195 -1.46380 1 1 -0.16404370934466878
716 -48.89598 23.88128 -2.38308 -1.39912 1 1 -0.1631694320028639
717 -48.97722 24.24597 -2.37420 -1.33445 1 1 -0.16227999953002664
718 -49.08009 24.60482 -2.36533 -1.26977 1 1 -0.34151081815199347
719 -49.20411 24.95670 -2.35646 -1.20509 1 1 -0.22534380965604994
720 -49.24766 25.06639 -2.35365 -1.18463 1 1 -0.7260319941016301
721 -54.13374 12.29911 -2.28228 0.36113 1 1 0.0889501331189451
722 -53.63322 12.49679 -2.28392 0.42589 1 1 0.08334315564567553
723 -52.70546 12.87225 -2.28783 0.42589 1 1 -0.049395569123690336
724 -51.77082 13.23255 -2.29231 0.42589 1 1 -0.03958772225754735
725 -51.74238 13.24342 -2.29245 0.42589 1 1 0.22239518019948504
726 -50.83308 13.65958 -2.29732 0.42589 1 1 -0.11840272893310388
727 -50.40791 13.85653 -2.29960 0.42589 1 1 -0.002851434072799191
728 -49.98019 14.05098 -2.30203 0.40493 1 1 -0.0625356866882328
729 -49.54887 14.23767 -2.30446 0.38398 1 1 -0.03982026411406219
730 -49.11402 14.41644 -2.30690 0.36303 1 1 -0.04034236032850611
731 -48.67573 14.58711 -2.30933 0.34208 1 1 -0.04084269577292593
732 -48.23408 14.74952 -2.31176 0.32113 1 1 -0.04136856249541584
733 -47.78918 14.90349 -2.31318 0.30017 1 1 -0.04185980337690013
734 -47.34113 15.04886 -2.31146 0.27922 1 1 -0.04236206681135021
735 -46.89006 15.18546 -2.30656 0.25827 1 1 -0.0428628083989222
736 -46.43610 15.31311 -2.29846 0.23732 1 1 -0.04336849065745068
737 -45.97939 15.43165 -2.28844 0.21637 1 1 -0.043851563472958516
738 -45.52009 15.54089 -2.27929 0.19541 1 1 -0.044338087146073075
739 -45.05835 15.64068 -2.27140 0.17446 1 1 -0.06718009349651478
740 -44.95900 15.66084 -2.26987 0.16997 1 1 0.06309640642527296
741 -44.45269 15.76446 -2.26350 0.18267 1 1 0.05744675922222532
742 -43.94787 15.87436 -2.25838 0.19537 1 1 0.02331804957263248
743 -43.44461 15.99041 -2.25452 0.20808 1 1 0.022893219619664174
744 -42.94296 16.11247 -2.25191 0.22078 1 1 0.022463228555793743
745 -42.44294 16.24042 -2.25055 0.23349 1 1 0.022041067912293887
746 -41.94459 16.37412 -2.25045 0.24620 1 1 0.021610021249037645
747 -41.44795 16.51344 -2.25159 0.25890 1 1 0.021190196675999463
748 -40.95304 16.65824 -2.25399 0.27160 1 1 0.020759549330571052
749 -40.45988 16.80841 -2.25765 0.28431 1 1 0.02032876404775302
750 -39.96847 16.96382 -2.26255 0.29701 1 1 0.01989614402540967
751 -39.47882 17.12433 -2.26871 0.30972 1 1 0.01948140913824915
752 -38.99093 17.28983 -2.27612 0.32242 1 1 0.024978920702690918
753 -38.86592 17.33312 -2.27823 0.32569 1 1 -0.03348430285437773
754 -37.92050 17.65903 -2.29583 0.32569 1 1 -0.006112005938208235
755 -38.17392 19.87386 -2.30412 -2.81591 1 0 0
756 -39.12411 19.56208 -2.28642 -2.81591 1 1 -0.0036295291442403755
757 -39.57110 19.42123 -2.27813 -2.81591 1 1 -0.04587796475708621
758 -40.03782 19.28139 -2.26928 -2.82861 1 1 -0.05323799685736066
759 -40.50709 19.15073 -2.26043 -2.84132 1 1 -0.037706723076385396
760 -40.97864 19.02902 -2.25158 -2.85402 1 1 -0.036463713649593485
761 -41.45220 18.91602 -2.24273 -2.86673 1 1 -0.03522249794086023
762 -41.92751 18.81150 -2.23388 -2.87943 1 1 -0.03401251337232187
763 -42.40433 18.71519 -2.22656 -2.89214 1 1 -0.03277125142062716
764 -42.88243 18.62683 -2.22398 -2.90484 1 1 -0.03153991364279019
765 -43.36160 18.54615 -2.22623 -2.91754 1 1 -0.030320866226400265
766 -43.84163 18.47289 -2.23331 -2.93025 1 1 -0.029069015284086556
767 -44.32235 18.40675 -2.24333 -2.94295 1 1 -0.027852742269944167
768 -44.80358 18.34746 -2.25279 -2.95566 1 1 -0.026600727681058495
769 -45.28516 18.29473 -2.26143 -2.96836 1 1 -0.03568961774693348
770 -45.40888 18.28221 -2.26351 -2.97163 1 1 0.05283085638810814
771 -45.93493 18.22099 -2.27110 -2.95067 1 1 0.09051476677100205
772 -46.46021 18.14831 -2.27786 -2.92972 1 1 0.042946480578280384
773 -46.98441 18.06391 -2.28380 -2.90877 1 1 0.04392272584164093
774 -47.50718 17.96750 -2.28891 -2.88782 1 1 0.044910998697050286
775 -48.02815 17.85884 -2.29319 -2.86687 1 1 0.045874850969206626
776 -48.54691 17.73767 -2.29664 -2.84591 1 1 0.046865202461863126
777 -49.06306 17.60377 -2.29926 -2.82496 1 1 0.04782149624958985
778 -49.57615 17.45693 -2.30106 -2.80401 1 1 0.048821997473175775
779 -50.08573 17.29696 -2.30203 -2.78306 1 1 0.04976882634609071
780 -50.59130 17.12367 -2.30217 -2.76210 1 1 0.05078414947525979
781 -51.09238 16.93692 -2.30148 -2.74115 1 1 0.05175511326348899
782 -51.58843 16.73657 -2.29997 -2.72020 1 1 0.0774327397903253
783 -51.69414 16.69181 -2.29953 -2.71571 1 1 0.09284196767580133
784 -52.61153 16.29349 -2.29473 -2.71571 1 1 0.015630482499659173
785 -53.03925 16.10159 -2.29245 -2.71571 1 1 0.13509715716197235
786 -53.93360 15.65250 -2.28795 -2.71571 1 1 -0.08128444057467936
787 -54.83241 15.21321 -2.28403 -2.71571 1 1 -0.032505973604787824
788 -54.85958 15.20009 -2.28392 -2.71571 1 1 -0.1634206900471418
789 -37.47714 17.80954 -2.30412 0.32569 1 1 0.2696511909003312
790 -37.60022 17.76774 -2.30182 0.32569 1 1 0.23476439162195892
791 -38.18102 17.59501 -2.29297 0.23614 1 1 0.12976540100662412
792 -38.77448 17.46880 -2.28457 0.14660 1 1 0.13075032129015318
793 -39.37752 17.39050 -2.27825 0.05705 1 1 0.13168719352384556
794 -39.98679 17.36136 -2.27416 -0.03249 1 1 0.13256466407599804
795 -40.59872 17.38244 -2.27230 -0.12204 1 1 0.13337423713333607
796 -41.20948 17.45460 -2.27268 -0.21158 1 1 0.13412946100715334
797 -41.81500 17.57839 -2.27528 -0.30113 1 1 0.13482293649026425
798 -42.41104 17.75407 -2.28012 -0.39067 1 1 0.1354514257511759
799 -42.99312 17.98150 -2.28719 -0.48022 1 1 0.13605361077663772
800 -43.55667 18.26016 -2.29650 -0.56976 1 1 0.13658307819734028
801 -44.09698 18.58905 -2.30803 -0.65931 1 1 0.2986808852915641
802 -44.60931 18.96670 -2.32180 -0.74885 1 1 0.057819065389518295
803 -44.76137 19.09309 -2.32651 -0.77655 1 1 0.049071565726237956
804 -45.17745 19.45127 -2.34320 -0.80669 1 1 0.05394089635587443
805 -45.58332 19.82295 -2.36212 -0.83684 1 1 0.055524969327515085
806 -45.97814 20.20815 -2.38327 -0.86698 1 1 0.057059677390991416
807 -46.36104 20.60684 -2.40503 -0.89713 1 1 0.05860425661889135
808 -46.73116 21.01894 -2.41770 -0.92727 1 1 0.060148811953954336
809 -47.08757 21.44429 -2.41965 -0.95742 1 1 0.061663944879168854
810 -47.42935 21.88265 -2.41215 -0.98756 1 1 0.06321285861393737
811 -47.75556 22.33373 -2.40328 -1.01771 1 1 0.0647324014329102
812 -48.06527 22.79715 -2.39440 -1.04785 1 1 0.06628275768329431
813 -48.35751 23.27248 -2.38553 -1.07800 1 1 0.06783620363530017
814 -48.63133 23.75918 -2.37665 -1.10815 1 1 0.06940911273263617
815 -48.88580 24.25667 -2.36778 -1.13829 1 1 0.13146317445608877
816 -49.11998 24.76427 -2.35891 -1.16844 1 1 0.14458291729793923
817 -49.23707 25.04082 -2.35414 -1.18463 1 1 0.17575627791955267
818 -38.17392 19.87386 -2.30412 -2.81591 1 0 0
819 -38.29744 19.83227 -2.30182 -2.81591 1 1 -0.017516623811094846
820 -38.69257 19.72091 -2.29297 -2.90545 1 1 -0.516852954758294
821 -39.09632 19.64848 -2.28411 -2.99500 1 1 -0.2351999271084205
822 -39.50458 19.61536 -2.27527 -3.08454 1 1 -0.23386091883594123
823 -39.91332 19.62150 -2.26641 3.10910 1 1 -0.23262094477179462
824 -40.31859 19.66642 -2.25757 3.01955 1 1 -0.23155665875346745
825 -40.71659 19.74924 -2.24871 2.93001 1 1 -0.2305867830020184
826 -41.10370 19.86870 -2.23986 2.84047 1 1 -0.22971721853804072
827 -41.47651 20.02322 -2.23600 2.75092 1 1 -0.22894418119816262
828 -41.83187 20.21088 -2.24292 2.66138 1 1 -0.22821414873887683
829 -42.16690 20.42953 -2.26064 2.57183 1 1 -0.22754243041583933
830 -42.47901 20.67678 -2.28294 2.48229 1 1 -0.2268876952364453
831 -42.76590 20.95003 -2.30305 2.39274 1 1 -0.20943363292793532
832 -42.84922 21.03939 -2.30881 2.36505 1 1 -0.23258243333061993
833 -43.15899 21.38556 -2.32599 2.33490 1 1 -0.14151265628080387
834 -43.45780 21.74033 -2.34094 2.30476 1 1 -0.06212706538486096
835 -43.74560 22.10319 -2.35366 2.27461 1 1 -0.06096652972697084
836 -44.02240 22.47365 -2.36414 2.24447 1 1 -0.05981150204725171
837 -44.28822 22.85123 -2.37240 2.21432 1 1 -0.058644585286856545
838 -44.54311 23.23548 -2.37843 2.18417 1 1 -0.05746411937924005
839 -44.78715 23.62597 -2.38222 2.15403 1 1 -0.05627832488483661
840 -45.02044 24.02229 -2.38379 2.12388 1 1 -0.05508258161317539
841 -45.24311 24.42406 -2.38312 2.09374 1 1 -0.053877226244870076
842 -45.45530 24.83093 -2.38022 2.06359 1 1 -0.05266405379388162
843 -45.65716 25.24257 -2.37510 2.03345 1 1 -0.05145530069995752
844 -45.84887 25.65869 -2.36774 2.00330 1 1 -0.050224968956788005
845 -46.03063 26.07903 -2.35890 1.97316 1 1 -0.0044888253361665765
846 -46.12421 26.30646 -2.35413 1.95696 1 1 -0.19161464032082992
847 -14.47953 38.41094 -1.94088 1.93394 1 1 -0.001340443647302471
848 -14.12865 37.47450 -1.93183 1.93394 1 1 -0.002570301968224511
849 -13.77520 36.53905 -1.91798 1.93394 1 1 -0.00532434177251701
850 -13.73968 36.44552 -1.91785 1.93394 1 1 -0.004853142186701523
851 -13.38302 35.51129 -1.91834 1.93394 1 1 -0.003086555173883145
852 -13.02361 34.57809 -1.91884 1.93394 1 1 -0.0028072586591668634
853 -12.66169 33.64586 -1.91933 1.93394 1 1 -0.002563850440327332
854 -12.29748 32.71449 -1.91983 1.93394 1 1 -0.0032162915080532774
855 -11.97499 31.89484 -1.92027 1.93394 1 1 -0.0021702701764410815
856 -11.79098 31.42832 -1.92052 1.93294 1 1 7.867651213711878e-06
857 -11.60699 30.96177 -1.92076 1.93194 1 1 0.00014517649461272576
858 -11.42306 30.49519 -1.92101 1.93094 1 1 0.0002684555347111048
859 -11.23922 30.02856 -1.92126 1.92994 1 1 0.0003754666048996269
860 -11.05549 29.56186 -1.92151 1.92894 1 1 0.0005016244002855415
861 -10.87190 29.09510 -1.92176 1.92794 1 1 0.0006285510646779295
862 -10.68847 28.62825 -1.92200 1.92694 1 1 0.0007480629699220278
863 -10.50525 28.16132 -1.92225 1.92594 1 1 0.0008690083371066573
864 -10.32225 27.69428 -1.92249 1.92494 1 1 0.0009744850797002373
865 -10.13951 27.22712 -1.92240 1.92394 1 1 0.0011221144309739681
866 -9.95705 26.75984 -1.92187 1.92294 1 1 0.00122657652124336
867 -9.77491 26.29242 -1.92089 1.92194 1 1 0.0013470179086987233
868 -9.59310 25.82486 -1.91945 1.92094 1 1 0.001478175047688131
869 -9.41166 25.35714 -1.91757 1.91994 1 1 0.0015961489133816367
870 -9.23063 24.88925 -1.91524 1.91894 1 1 0.0017029975188348023
871 -9.05001 24.42119 -1.91245 1.91794 1 1 0.0018483354499456428
872 -8.86986 23.95294 -1.90922 1.91694 1 1 0.0019627525612183547
873 -8.69019 23.48449 -1.90556 1.91594 1 1 0.002074229753141643
874 -17.05558 37.43203 -1.94088 -1.20765 1 0 0
875 -16.69734 36.49840 -1.93183 -1.20765 1 1 -0.002087029220564755
876 -16.34090 35.56408 -1.91798 -1.20765 1 1 -0.00315461286972642
877 -16.30535 35.47057 -1.91785 -1.20765 1 1 -0.0037995391654724476
878 -15.96068 34.53177 -1.91834 -1.20765 1 1 -0.020767169284537076
879 -15.63438 33.58600 -1.91884 -1.20765 1 1 -0.01304138790121064
880 -15.32235 32.63481 -1.91933 -1.20765 1 1 -0.0085692929150825
881 -15.02050 31.67974 -1.91983 -1.20765 1 1 -0.0022677098525073214
882 -14.75982 30.83661 -1.92027 -1.20765 1 1 -0.002472814495114686
883 -14.61366 30.35893 -1.92052 -1.20865 1 1 -0.0020587683518775305
884 -14.46809 29.88110 -1.92076 -1.20965 1 1 -0.0018905460198563539
885 -14.32261 29.40330 -1.92101 -1.21065 1 1 0.004111313110635011
886 -14.17670 28.92574 -1.92126 -1.21165 1 1 0.006288808950842296
887 -14.02985 28.44859 -1.92151 -1.21265 1 1 0.008493844175049973
888 -13.88154 27.97205 -1.92176 -1.21365 1 1 0.010696669817321312
889 -13.73127 27.49630 -1.92200 -1.21465 1 1 0.012915658550696645
890 -13.57851 27.02153 -1.92225 -1.21565 1 1 0.015115997610689335
891 -13.42274 26.54791 -1.92249 -1.21665 1 1 0.017354027045582143
892 -13.26346 26.07564 -1.92240 -1.21765 1 1 0.019554805867999986
893 -13.10013 25.60487 -1.92187 -1.21865 1 1 0.02177892451715049
894 -12.93225 25.13579 -1.92089 -1.21965 1 1 0.023998428634584436
895 -12.75930 24.66858 -1.91945 -1.22065 1 1 0.026188875108899435
896 -12.58074 24.20340 -1.91757 -1.22165 1 1 0.028377265812650324
897 -12.39607 23.74041 -1.91524 -1.22265 1 1 0.030523116794074705
898 -12.20476 23.27980 -1.91245 -1.22365 1 1 0.0326465951109253
899 -12.00629 22.82173 -1.90922 -1.22465 1 1 0.03472086470452955
900 -11.80012 22.36634 -1.90556 -1.22565 1 1 0.0366166443294172
901 -14.47953 38.41094 -1.94088 1.93394 1 1 -0.001340443647302471
902 -14.12865 37.47450 -1.93183 1.93394 1 1 -0.002570301968224511
903 -13.77520 36.53905 -1.91798 1.93394 1 1 -0.028766431728537527
904 -13.73968 36.44552 -1.91785 1.93394 1 1 -0.025931593096622258
905 -13.37598 35.51396 -1.91953 1.93394 1 1 -0.018816537887307295
906 -12.99761 34.58798 -1.92349 1.93394 1 1 -0.013410769997774522
907 -12.60799 33.66626 -1.92960 1.93394 1 1 -0.15206472102592056
908 -12.35027 33.06868 -1.93466 1.93394 1 1 0.02533805748471716
909 -12.12410 32.43016 -1.93909 1.81835 1 1 0.16737261993994898
910 -11.97154 31.76726 -1.94399 1.70276 1 1 0.16769787303222317
911 -11.89566 31.08833 -1.94933 1.58718 1 1 0.16801975961873855
912 -11.89859 30.40224 -1.95510 1.47159 1 1 0.16834540101732184
913 -11.98143 29.71823 -1.96128 1.35600 1 1 0.16868818787722653
914 -12.14415 29.04580 -1.96784 1.24041 1 1 0.16906181446241939
915 -12.38554 28.39456 -1.97478 1.12482 1 1 0.16948682458325712
916 -12.70317 27.77408 -1.98208 1.00923 1 1 0.16996973911759575
917 -13.09338 27.19373 -1.98971 0.89364 1 1 0.17051537150940194
918 -13.55125 26.66249 -1.99766 0.77805 1 1 0.3728478097789346
919 -14.07068 26.18877 -2.00592 0.66246 1 1 0.06388177553575211
920 -14.22874 26.06560 -2.00832 0.62957 1 1 0.0025462917728765883
921 -14.66377 25.74534 -2.01694 0.60693 1 1 0.0545904450866701
922 -15.10840 25.43836 -2.02583 0.58428 1 1 0.05614607176351836
923 -15.56241 25.14536 -2.03496 0.56164 1 1 0.057736263615535764
924 -16.02554 24.86707 -2.04432 0.53899 1 1 0.059328721694506245
925 -16.49747 24.60419 -2.05389 0.51635 1 1 0.060941225859118216
926 -16.97787 24.35744 -2.06366 0.49370 1 1 0.15298288086753115
927 -17.46632 24.12755 -2.07360 0.47106 1 1 0.16988864585877908
928 -17.05558 37.43203 -1.94088 -1.20765 1 0 0
929 -16.69734 36.49840 -1.93183 -1.20765 1 1 -0.002087029220564755
930 -16.34090 35.56408 -1.91798 -1.20765 1 1 -0.00315461286972642
931 -16.30535 35.47057 -1.91785 -1.20765 1 1 -0.0037583911551708443
932 -15.98191 34.52371 -1.91953 -1.20765 1 1 -0.036619215408180444
933 -15.66939 33.57270 -1.92349 -1.20765 1 1 -0.005475518915925784
934 -15.36408 32.61895 -1.92960 -1.20765 1 1 -0.002256035415144649
935 -15.16769 31.99806 -1.93466 -1.20765 1 1 -0.3393933388910718
936 -15.09721 31.67873 -1.93909 -1.32324 1 1 -0.00975747509262779
937 -15.06446 31.35670 -1.94399 -1.43883 1 1 -0.3461168897554994
938 -15.06860 31.03636 -1.94933 -1.55442 1 1 -0.34440953222759696
939 -15.10835 30.72173 -1.95510 -1.67001 1 1 -0.3424126887293433
940 -15.18198 30.41648 -1.96128 -1.78560 1 1 -0.34024431444236936
941 -15.28748 30.12383 -1.96784 -1.90118 1 1 -0.3377997610392164
942 -15.42260 29.84659 -1.97478 -2.01677 1 1 -0.3350229155246047
943 -15.58499 29.58713 -1.98208 -2.13236 1 1 -0.33206192395994666
944 -15.77221 29.34743 -1.98971 -2.24795 1 1 -0.32869798985512844
945 -15.98187 29.12909 -1.99766 -2.36354 1 1 -0.32521940955262124
946 -16.21165 28.93341 -2.00592 -2.47913 1 1 -0.3543821231915478
947 -16.28040 28.88202 -2.00832 -2.51202 1 1 -0.22910275545921613
948 -16.65489 28.61291 -2.01694 -2.53466 1 1 -0.045022958168806276
949 -17.03223 28.34748 -2.02583 -2.55731 1 1 -0.01004560964796852
950 -17.41187 28.08458 -2.03496 -2.57995 1 1 -0.0013291159747403087
951 -17.79307 27.82250 -2.04432 -2.60260 1 1 -0.017666534283276424
952 -18.17669 27.56199 -2.05389 -2.62524 1 1 -0.024290860014453762
953 -18.56359 27.30404 -2.06366 -2.64789 1 1 -0.030107387860298103
954 -18.95455 27.04968 -2.07360 -2.67054 1 1 -0.05893604031024514
955 -18.99630 27.02295 -2.07466 -2.67294 1 1 -3.7242055791812483
956 -18.74510 27.18509 -2.06826 -2.65850 1 1 0.2507782481422867
957 -18.17265 27.45552 -2.05833 -2.74306 1 1 0.13242834631319145
958 -17.57957 27.67725 -2.04824 -2.82762 1 1 0.13259402803260445
959 -16.96994 27.84864 -2.03791 -2.91218 1 1 0.13274711485752116
960 -16.34794 27.96842 -2.02734 -2.99673 1 1 0.13287997460260959
961 -15.71791 28.03565 -2.01652 -3.08129 1 1 0.13302213935291357
962 -15.08425 28.04975 -2.00546 3.11733 1 1 0.133160933805236
963 -14.45141 28.01051 -1.99415 3.03277 1 1 0.13329315115405543
964 -13.82386 27.91809 -1.98259 2.94821 1 1 0.2905481682019876
965 -13.20608 27.77302 -1.97079 2.86365 1 1 0.21935762101388437
966 -13.03530 27.72304 -1.96744 2.83995 1 1 0.09216183361308376
967 -13.01007 27.71536 -1.96680 2.83995 1 1 49.90920276211928
968 -12.98484 27.70769 -1.96617 2.83995 1 1 0.5232422528192477
969 -12.36224 27.48207 -1.95403 2.73827 1 1 0.15452483675526163
970 -11.76550 27.19420 -1.94164 2.63659 1 1 0.15463967227494282
971 -11.20089 26.84693 -1.93021 2.53491 1 1 0.15476222916448576
972 -10.67437 26.44379 -1.92610 2.43322 1 1 0.1548783304009208
973 -10.19151 25.98888 -1.92240 2.33154 1 1 0.15502489203272007
974 -9.75748 25.48688 -1.91870 2.22985 1 1 0.15516896142670294
975 -9.37692 24.94301 -1.91500 2.12817 1 1 0.15533451310160615
976 -9.05394 24.36294 -1.91130 2.02649 1 1 0.3738802554698925
977 -8.79205 23.75277 -1.90760 1.92480 1 1 0.02903041002736716
978 -8.77325 23.70124 -1.90730 1.91641 1 1 -0.04827506086840393
979 -8.59385 23.23268 -1.90356 1.91541 1 1 0.000478332331723271
980 -11.58654 21.91550 -1.90201 -1.22659 1 1 -1.0108301030658127
981 -11.72221 22.24588 -1.90518 -1.13934 1 1 -0.2565317814943478
982 -11.88716 22.56254 -1.90878 -1.05209 1 1 -0.2556343004477041
983 -12.07987 22.86287 -1.91321 -0.96483 1 1 -0.2549318562295367
984 -12.29858 23.14448 -1.91849 -0.87758 1 1 -0.2541521203729588
985 -12.54135 23.40514 -1.92461 -0.79033 1 1 -0.2535160280676956
986 -12.80604 23.64287 -1.93157 -0.70308 1 1 -0.25279242097623716
987 -13.09038 23.85591 -1.93937 -0.61582 1 1 -0.252186845058393
988 -13.39197 24.04275 -1.94802 -0.52857 1 1 -0.28274390633547936
989 -13.70833 24.20209 -1.95750 -0.44132 1 1 -0.601474914702713
990 -14.01539 24.32536 -1.96714 -0.35969 1 1 -0.758468791379659
991 -14.04028 24.33434 -1.96771 -0.35969 1 1 -0.6702726532396885
992 -14.38466 24.44082 -1.97887 -0.27682 1 1 -0.231940114458588
993 -14.73612 24.51843 -1.99087 -0.19395 1 1 -0.23122191264167527
994 -15.09223 24.56686 -2.00353 -0.11108 1 1 -0.23042863776736364
995 -15.45060 24.58601 -2.01446 -0.02821 1 1 -0.22965058139989994
996 -15.80887 24.57597 -2.02451 0.05466 1 1 -0.2287725323911016
997 -16.16474 24.53701 -2.03455 0.13753 1 1 -0.22788990707596601
998 -16.51595 24.46957 -2.04459 0.22040 1 1 -0.22688988475923616
999 -16.86035 24.37427 -2.05463 0.30327 1 1 -0.22847697940895167
1000 -17.19586 24.25186 -2.06467 0.38614 1 1 -0.5094548097807913
1001 -77.08431 55.73657 -1.77124 1.93028 1 1 0.001140440266656394
1002 -76.73465 54.79969 -1.78509 1.93028 1 1 0.0010445484588030845
1003 -76.38592 53.86246 -1.80548 1.93028 1 1 0.0009412816549778614
1004 -76.03802 52.92492 -1.83169 1.93028 1 1 0.0008398045951864243
1005 -75.69087 51.98710 -1.86301 1.93028 1 1 0.0007411029196754595
1006 -75.34436 51.04904 -1.89874 1.93028 1 1 0.0006378327214731908
1007 -74.99840 50.11077 -1.93817 1.93028 1 1 0.0005375483168961064
1008 -74.65289 49.17233 -1.98059 1.93028 1 1 0.0004379009174390641
1009 -74.30775 48.23375 -2.02529 1.93028 1 1 0.00033511742735928187
1010 -73.96287 47.29507 -2.07155 1.93028 1 1 0.00023521473403182515
1011 -73.61817 46.35633 -2.11868 1.93028 1 1 0.00013601300120510585
1012 -73.27355 45.41756 -2.16596 1.93028 1 1 -3.051926868482469e-05
1013 -72.92891 44.47879 -2.21269 1.93028 1 1 -6.469329229813265e-05
1014 -72.58415 43.54007 -2.25815 1.93028 1 1 -0.00017136097430264064
1015 -72.23920 42.60142 -2.30163 1.93028 1 1 -0.0002665753554556949
1016 -71.89394 41.66289 -2.34243 1.93028 1 1 -0.0003730120022450414
1017 -71.54829 40.72450 -2.37984 1.93028 1 1 -0.0004691679881203534
1018 -71.20216 39.78630 -2.41315 1.93028 1 1 -0.0005730297692102866
1019 -70.85544 38.84831 -2.44164 1.93028 1 1 -0.0006727943266216795
1020 -70.50804 37.91058 -2.46462 1.93028 1 1 -0.0007737356305103234
1021 -70.15987 36.97314 -2.48137 1.93028 1 1 -0.000874749616528202
1022 -69.81084 36.03603 -2.49118 1.93028 1 1 -0.0009566267156682869
1023 -69.46084 35.09928 -2.49360 1.93028 1 1 -9.01425834039421e-05
1024 -69.10954 34.16301 -2.48961 1.93028 1 1 0.001770629028201758
1025 -68.75927 33.22636 -2.48076 1.93028 1 1 0.0027729785828843464
1026 -68.41358 32.28798 -2.46781 1.93028 1 1 0.0055023390548894855
1027 -68.07269 31.34781 -2.45140 1.93028 1 1 0.004366803859379252
1028 -67.73535 30.40630 -2.43218 1.93028 1 1 0.003231122451798707
1029 -67.40051 29.46385 -2.41081 1.93028 1 1 0.00215303361500358
1030 -67.06709 28.52087 -2.38791 1.93028 1 1 0.001201598343180053
1031 -80.22449 54.55641 -1.77124 -1.21131 1 1 -0.025389085634756878
1032 -79.89646 53.61140 -1.78509 -1.21131 1 1 -0.0028639707128929755
1033 -79.57344 52.66453 -1.80548 -1.21131 1 1 -0.0020958905288090963
1034 -79.25078 51.71752 -1.83169 -1.21131 1 1 0.0070611613102385855
1035 -78.92360 50.77220 -1.86301 -1.21131 1 1 0.007107547344733505
1036 -78.58883 49.82971 -1.89874 -1.21131 1 1 0.0038325068783841153
1037 -78.24790 48.88955 -1.93817 -1.21131 1 1 0.005200944849815716
1038 -77.90274 47.95097 -1.98059 -1.21131 1 1 0.004119717508932048
1039 -77.55355 47.01391 -2.02529 -1.21131 1 1 0.003731858487947893
1040 -77.20068 46.07824 -2.07155 -1.21131 1 1 0.003346858918501527
1041 -76.84450 45.14381 -2.11868 -1.21131 1 1 0.0029617970651965855
1042 -76.48537 44.21049 -2.16596 -1.21131 1 1 0.0025782473085908778
1043 -76.12364 43.27814 -2.21269 -1.21131 1 1 0.0021933759685584717
1044 -75.75968 42.34664 -2.25815 -1.21131 1 1 0.001808215955579518
1045 -75.39385 41.41584 -2.30163 -1.21131 1 1 0.0014236117868923837
1046 -75.02651 40.48560 -2.34243 -1.21131 1 1 0.0010399427483403611
1047 -74.65801 39.55580 -2.37984 -1.21131 1 1 0.0006533588405577671
1048 -74.28872 38.62630 -2.41315 -1.21131 1 1 0.0002722569849248031
1049 -73.91890 37.69700 -2.44164 -1.21131 1 1 -0.0021338076485577892
1050 -73.54930 36.76763 -2.46462 -1.21131 1 1 -0.011688006895200297
1051 -73.18534 35.83612 -2.48137 -1.21131 1 1 -0.008116040177584759
1052 -72.83144 34.90082 -2.49118 -1.21131 1 1 -0.008612747399955175
1053 -72.48657 33.96213 -2.49360 -1.21131 1 1 -0.0077028824081165955
1054 -72.14950 33.02052 -2.48961 -1.21131 1 1 -0.006463634672415491
1055 -71.81906 32.07641 -2.48076 -1.21131 1 1 -0.005217126817973968
1056 -71.49410 31.13025 -2.46781 -1.21131 1 1 -0.003981339522591394
1057 -71.17344 30.18247 -2.45140 -1.21131 1 1 -0.0027342964737237367
1058 -70.85594 29.23352 -2.43218 -1.21131 1 1 -0.0015012399611427616
1059 -70.54042 28.28381 -2.41081 -1.21131 1 1 -0.00025799520562985165
1060 -70.22571 27.33380 -2.38791 -1.21131 1 1 0.0006847504976981365
1061 -59.08679 52.30329 -2.20518 -1.26245 1 1 0.0009242325707921286
1062 -59.40762 53.25060 -2.23688 -1.26245 1 1 0.0009889523211582488
1063 -59.72722 54.19831 -2.26357 -1.26245 1 1 0.001661333513065674
1064 -60.04492 55.14662 -2.28243 -1.26245 1 1 0.002325185589222685
1065 -55.61571 53.40883 -2.20518 1.87914 1 1 0.028467889311068688
1066 -55.91378 54.36345 -2.23688 1.87914 1 1 0.028271764922700313
1067 -56.24451 55.30762 -2.26357 1.87914 1 1 0.006714398684142199
1068 -56.59538 56.24525 -2.28243 1.87914 1 1 -0.028186062427237826
1069 -56.93421 57.18685 -2.29062 1.87914 1 1 -0.05780196405909114
1070 -57.21092 58.08281 -2.28657 1.87914 1 1 -0.033204727663421925
1071 -17.93927 47.71387 -1.86314 1.93394 1 1 0.0026562001979050886
1072 -17.58457 46.77889 -1.86432 1.93394 1 1 0.003266073134140654
1073 -17.23271 45.84283 -1.86701 1.93394 1 1 0.0026890310622308907
1074 -16.88309 44.90592 -1.87122 1.93394 1 1 0.002111534493823185
1075 -16.53517 43.96836 -1.87694 1.93394 1 1 0.001537521160694097
1076 -16.18843 43.03035 -1.88417 1.93394 1 1 0.000960623896338043
1077 -15.84231 42.09211 -1.89292 1.93394 1 1 0.000383733188751117
1078 -15.49628 41.15384 -1.90319 1.93394 1 1 -0.00019171824235522143
1079 -15.14981 40.21573 -1.91497 1.93394 1 0 0
1080 -20.63606 46.68908 -1.86314 -1.20765 1 1 0.002636050913597706
1081 -20.27820 45.75531 -1.86432 -1.20765 1 1 0.0016675547943270177
1082 -19.91884 44.82210 -1.86701 -1.20765 1 1 0.0011127720109259565
1083 -19.55827 43.88935 -1.87122 -1.20765 1 1 0.0007517290373403892
1084 -19.19683 42.95693 -1.87694 -1.20765 1 1 0.00039265036572252776
1085 -18.83485 42.02471 -1.88417 -1.20765 1 1 3.100419578201352e-05
1086 -18.47267 41.09257 -1.89292 -1.20765 1 1 -0.0003270651084936775
1087 -18.11064 40.16038 -1.90319 -1.20765 1 1 -0.0006891408885044356
1088 -17.74908 39.22801 -1.91497 -1.20765 1 1 -0.0010470764505556237
1089 -17.38833 38.29533 -1.92826 -1.20765 1 1 -0.0013237266968199963
1090 -17.38833 38.29533 -1.92826 -1.20765 1 1 -0.0013237266968199963
1091 -16.87625 36.96530 -1.93636 -1.20765 1 0 0
1092 -16.87625 36.96530 -1.93636 -1.20765 1 0 0
1093 -7.26536 19.70687 -1.90040 1.90889 1 1 0.0010652517021414165
1094 -6.91746 18.76918 -1.90724 1.90889 1 1 0.0013111090867292826
1095 -6.57090 17.83102 -1.91735 1.90889 1 1 0.0015498317081786461
1096 -6.22593 16.89230 -1.93073 1.90889 1 1 0.0017983119499589428
1097 -5.88277 15.95295 -1.94739 1.90889 1 1 0.0020390062405004315
1098 -5.54164 15.01288 -1.96732 1.90889 1 1 0.0022831656300264028
1099 -5.20278 14.07201 -1.98995 1.90889 1 1 0.004463170342091907
1100 -10.03122 18.73463 -1.90040 -1.23270 1 1 -0.0598840571839394
1101 -9.64159 17.81153 -1.90724 -1.23270 1 1 -0.018856598426157212
1102 -9.27196 16.88141 -1.91735 -1.23270 1 1 -0.015161713779044987
1103 -8.91856 15.94561 -1.93073 -1.23270 1 1 -0.011247734231764808
1104 -8.57765 15.00544 -1.94739 -1.23270 1 1 -0.007314048797798763
1105 -8.24553 14.06219 -1.96732 -1.23270 1 1 -0.0033676820650565763
1106 -7.91844 13.11719 -1.98995 -1.23270 1 1 -0.0005796449786685903
1107 -60.36007 56.09574 -2.29062 -1.26245 1 1 0.0037784630209508657
1108 -60.65267 56.98657 -2.28657 -1.26245 1 1 0.0003382368915943384
1109 -52.65409 71.51896 -1.62522 -2.79046 1 1 -0.0010168105074358457
1110 -51.70989 71.84874 -1.62135 -2.79046 1 1 -0.02392603626166743
1111 -50.77258 72.19732 -1.63018 -2.79046 1 1 -0.012450675983016253
1112 -49.83759 72.55219 -1.65506 -2.79046 1 1 0.0009611041318808821
1113 -48.90095 72.90256 -1.69822 -2.79046 1 1 0.004204474141217483
1114 -47.95815 73.23618 -1.75252 -2.79046 1 1 0.02008330905919041
1115 -47.00949 73.55363 -1.80846 -2.79046 1 1 -0.013777250936359517
1116 -46.06199 73.87426 -1.85914 -2.79046 1 1 -0.013218952152564177
1117 -45.11935 74.20831 -1.89755 -2.79046 1 1 -0.012537277946408442
1118 -44.18091 74.55381 -1.92255 -2.79046 1 1 -0.011846494522849495
1119 -43.24644 74.91011 -1.93597 -2.79046 1 1 -0.011149165148980972
1120 -42.31568 75.27657 -1.93962 -2.79046 1 1 -0.010454760626476317
1121 -41.38841 75.65253 -1.93530 -2.79046 1 1 -0.009752838138035307
1122 -40.46439 76.03735 -1.92484 -2.79046 1 1 -0.00909389044352553
1123 -39.54337 76.43037 -1.91004 -2.79046 1 1 -0.01411519844316888
1124 -52.04995 69.86964 -1.62522 0.35114 1 1 -0.04509851087309004
1125 -51.11255 70.21813 -1.62135 0.35114 1 1 -0.01985887380433814
1126 -50.17082 70.55466 -1.63018 0.35114 1 1 -0.015234930718602846
1127 -49.22404 70.87740 -1.65506 0.35114 1 1 -0.011618155013324138
1128 -48.27247 71.18702 -1.69822 0.35114 1 1 -0.009490221578455412
1129 -47.31710 71.48626 -1.75252 0.35114 1 1 -0.006711720566431272
1130 -46.35894 71.77782 -1.80846 0.35114 1 1 -0.0038505289843495443
1131 -45.39896 72.06440 -1.85914 0.35114 1 1 -0.000987509595012386
1132 -44.43814 72.34870 -1.89755 0.35114 1 1 0.0018628920447700422
1133 -43.47748 72.63342 -1.92255 0.35114 1 1 0.00472385103865159
1134 -42.51795 72.92125 -1.93597 0.35114 1 1 0.007583436707850035
1135 -41.56055 73.21489 -1.93962 0.35114 1 1 0.01045095694142464
1136 -40.60634 73.51731 -1.93530 0.35114 1 1 0.007425484202574769
1137 -39.65558 73.82918 -1.92484 0.35114 1 1 0.0024963872451510146
1138 -38.70684 74.14657 -1.91004 0.35114 1 1 0.004872179236002607
1139 -21.00891 22.87859 -2.14726 0.33256 1 1 0.005146133846350996
1140 -30.11824 20.20689 -2.33635 0.30786 1 1 -0.00328027067177901
1141 -31.07415 19.91305 -2.35199 0.30786 1 1 -0.004993323834508371
1142 -31.99184 19.62732 -2.36329 0.30786 1 1 -0.002335863760534225
1143 -21.89522 25.44551 -2.14726 -2.80903 1 1 -0.06206180948034219
1144 -30.83656 22.46599 -2.33635 -2.83373 1 1 0.011655034212920492
1145 -31.78906 22.16138 -2.35199 -2.83373 1 1 0.012174758364021114
1146 -32.70128 21.85840 -2.36329 -2.83373 1 1 0.013519023026520834
1147 -36.84610 20.35843 -2.33044 -2.81591 1 1 -0.0022417437175710634
1148 -36.84610 20.35843 -2.33044 -2.81591 1 1 -0.0022417437175710634
1149 -37.74425 20.02846 -2.31248 -2.81591 1 0 0
1150 -37.74401 20.02780 -2.31248 -2.81591 1 0 0
1151 -38.64802 19.71502 -2.29527 -2.81591 1 1 -0.010694851455078579
1152 -53.16947 12.68485 -2.28587 0.42589 1 1 -0.02512258094796523
1153 -52.23866 13.05371 -2.29007 0.42589 1 1 -0.003584221165531655
1154 -53.16947 12.68485 -2.28587 0.42589 1 1 -0.02512258094796523
1155 -52.23866 13.05371 -2.29007 0.42589 1 1 -0.003584221165531655
1156 -51.28455 13.44395 -2.29488 0.42589 1 1 0.15589206740260644
1157 -38.39333 17.49641 -2.28703 0.32569 1 1 -0.006427811598801202
1158 -37.48467 17.80784 -2.30417 0.32569 1 1 -0.0011291344356650567
1159 -37.04861 17.95600 -2.31250 0.32569 1 1 0.004086491249805387
1160 -36.13936 18.26569 -2.33044 0.32569 1 0 0
1161 -52.15366 16.49453 -2.29713 -2.71571 1 1 0.03682223727671905
1162 -53.48772 15.87980 -2.29020 -2.71571 1 1 0.020879735680463852
1163 -54.38244 15.43170 -2.28599 -2.71571 1 1 -0.007987076544526928
1164 -36.13937 18.26571 -2.33044 0.32569 1 0 0
1165 -37.04483 17.95678 -2.31248 0.32569 1 1 0.0020414978738125308
1166 -14.80234 39.27801 -1.92826 1.93394 1 0 0
1167 -14.30438 37.94261 -1.93636 1.93394 1 1 -0.0022602844766462732
1168 -13.95227 37.00664 -1.92491 1.93394 1 1 -0.00666765320004663
1169 -13.56170 35.97827 -1.91809 1.93394 1 1 -0.0031038466003350963
1170 -13.20364 35.04456 -1.91859 1.93394 1 1 -0.002934735046875863
1171 -12.84295 34.11186 -1.91909 1.93394 1 1 -0.002689450964913125
1172 -12.47985 33.18007 -1.91958 1.93394 1 1 -0.0028295376526612914
1173 -12.13639 32.30461 -1.92005 1.93394 1 1 -0.002096816149625175
1174 -16.51888 36.03133 -1.92491 -1.20765 1 1 -0.002171615627614961
1175 -16.13065 35.00203 -1.91809 -1.20765 1 1 -0.04587650470340295
1176 -15.79547 34.05960 -1.91859 -1.20765 1 1 -0.014417969105292349
1177 -15.47681 33.11092 -1.91909 -1.20765 1 1 -0.010865193588831468
1178 -15.17038 32.15761 -1.91958 -1.20765 1 1 -0.00670469672501502
1179 -14.88966 31.25833 -1.92005 -1.20765 1 1 -0.0030982771816124434
1180 -14.80234 39.27801 -1.92826 1.93394 1 0 0
1181 -14.30438 37.94261 -1.93636 1.93394 1 1 -0.0022602844766462732
1182 -13.95227 37.00664 -1.92491 1.93394 1 1 -0.00666765320004663
1183 -13.55972 35.97900 -1.91869 1.93394 1 1 -0.01614580246005183
1184 -13.18840 35.05032 -1.92151 1.93394 1 1 -0.015789595651157125
1185 -12.80400 34.12662 -1.92655 1.93394 1 1 -0.0071525322301575186
1186 -16.51888 36.03133 -1.92491 -1.20765 1 1 -0.002171615627614961
1187 -16.13929 34.99868 -1.91869 -1.20765 1 1 -0.07836767369827134
1188 -15.82450 34.04858 -1.92151 -1.20765 1 1 -0.019263981059681783
1189 -15.51603 33.09605 -1.92655 -1.20765 1 1 -0.004312264868262287
