topomap_version: 1.0.0
map_name: xn.xml
opendrive_version: 1.4
car_type: kua_fu
node_list_size: 48
0 0 0 -1 0 0 -80.7361 55.9666 -1.76323 -1.21131
1 0 0 -1 0 52.96 -54.2196 12.2526 -2.28052 0.289368
2 0 0 1 1 0 -77.6107 57.1412 -1.76323 -1.21131
3 0 0 1 1 52.96 -55.0584 15.0698 -2.28052 0.289368
4 1 0 -1 0 0 -46.1732 26.4272 -2.35183 1.95697
5 1 0 -1 0 34.0871 -57.3555 58.496 -2.2917 1.87914
6 1 0 1 1 0 -49.2864 25.1615 -2.35183 1.95697
7 1 0 1 1 34.0871 -60.7821 57.4046 -2.2917 1.87914
8 2 0 -1 0 0 -29.9214 71.1668 -1.88753 -1.12236
9 2 0 -1 0 36.2325 -17.0573 37.4314 -1.93529 -1.20765
10 2 0 1 1 0 -27.0548 72.546 -1.88753 -1.12236
11 2 0 1 1 36.2325 -14.477 38.4119 -1.93529 -1.20765
12 3 0 -1 0 0 -11.5865 21.9153 -1.90201 -1.22665
13 3 0 -1 0 11.6921 -7.20838 11.0714 -2.02555 -1.2327
14 3 0 1 1 0 -8.51162 23.0174 -1.90201 -1.22665
15 3 0 1 1 11.6921 -4.47852 12.0312 -2.02555 -1.2327
16 4 0 -1 0 0 -57.326 58.5054 -2.28144 1.87914
17 4 0 -1 0 41.993 -29.8872 71.097 -1.89033 -1.06338
18 4 0 1 1 0 -60.7882 57.4027 -2.28144 1.87914
19 4 0 1 1 41.993 -27.0737 72.6613 -1.89033 -1.06338
20 5 0 -1 0 0 -18.9963 27.023 -2.07466 -2.67294
21 5 0 -1 0 20.6886 -38.1804 19.8946 -2.32084 -2.81591
22 5 0 1 1 0 -17.5186 24.1042 -2.07466 -2.67294
23 5 0 1 1 20.6886 -37.4772 17.8123 -2.32084 -2.81591
24 7 0 -1 0 0 -54.1337 12.2991 -2.28228 0.361131
25 7 0 -1 0 16.196 -46.173 26.427 -2.35536 1.95697
26 9 0 1 1 0 -55.1753 15.0585 -2.28228 0.361162
27 9 0 1 1 15.9593 -49.2863 25.1615 -2.35365 1.95697
28 10 0 -1 0 0 -54.1337 12.2991 -2.28228 0.361131
29 10 0 -1 0 17.654 -37.4767 17.8089 -2.29583 0.325686
30 12 0 -1 0 0 -38.1739 19.8739 -2.30412 -2.81591
31 12 0 -1 0 17.654 -55.2704 15.0137 -2.28392 -2.7157
32 14 0 1 1 0 -37.4771 17.8095 -2.30412 -2.81591
33 14 0 1 1 13.1835 -49.2862 25.1616 -2.35414 1.95697
34 15 0 -1 0 0 -38.1739 19.8739 -2.30412 -2.81591
35 15 0 -1 0 13.1835 -46.1732 26.4269 -2.35413 1.95697
36 20 0 1 1 0 -14.4795 38.4109 -1.94088 -1.20765
37 20 0 1 1 16.4791 -8.52158 23.0155 -1.90555 -1.22565
38 21 0 -1 0 0 -17.0556 37.432 -1.94088 -1.20765
39 21 0 -1 0 16.4791 -11.6315 21.8974 -1.90555 -1.22565
40 25 0 1 1 0 -14.4795 38.4109 -1.94088 -1.20765
41 25 0 1 1 14.9455 -17.5136 24.1035 -2.0736 -2.67053
42 26 0 -1 0 0 -17.0556 37.432 -1.94088 -1.20765
43 26 0 -1 0 14.9455 -19.0018 27.0256 -2.0736 -2.67053
44 27 0 1 1 0 -18.9963 27.023 -2.07466 0.468655
45 27 0 1 1 10.2841 -8.51626 23.0165 -1.90356 -1.22619
46 30 0 1 1 0 -11.5865 21.9155 -1.90201 1.915
47 30 0 1 1 9.99191 -17.6569 24.0644 -2.06467 -2.75545
edge_list_size: 52
0 0 1 1 52.96
1 1 24 2 0
2 1 28 2 0
3 3 2 1 52.96
4 4 5 1 34.0871
5 5 16 2 0
6 6 27 2 0
7 6 33 2 0
8 7 6 1 34.0871
9 8 9 1 36.2325
10 9 38 2 0
11 9 42 2 0
12 10 19 2 0
13 11 10 1 36.2325
14 12 13 1 11.6921
15 14 37 2 0
16 14 45 2 0
17 15 14 1 11.6921
18 16 17 1 41.993
19 17 8 2 0
20 18 7 2 0
21 19 18 1 41.993
22 20 21 1 20.6886
23 21 30 2 0
24 21 34 2 0
25 22 41 2 0
26 22 47 2 0
27 23 22 1 20.6886
28 24 25 1 16.196
29 25 4 2 0
30 26 3 2 0
31 27 26 1 15.9593
32 28 29 1 17.654
33 29 23 2 0
34 30 31 1 17.654
35 31 3 2 0
36 32 23 2 0
37 33 32 1 13.1835
38 34 35 1 13.1835
39 35 4 2 0
40 36 11 2 0
41 37 36 1 16.4791
42 38 39 1 16.4791
43 39 12 2 0
44 40 11 2 0
45 41 40 1 14.9455
46 42 43 1 14.9455
47 43 20 2 0
48 44 20 2 0
49 45 44 1 10.2841
50 46 12 2 0
51 47 46 1 9.99191
